16059027 59.4872337962963 0.390786850907783 5.5666622111341e-05 114639.35156250
16059028 59.4936574074074 0.389896115078934 3.16212815974824e-05 112179.91406250
16059029 59.5021759259259 0.391749720077597 8.04244765507561e-05 109334.17187500
16059030 59.5045486111111 0.38874515169254 1.80449490586665e-05 111291.42187500
16059031 59.5289351851852 0.386589038800693 1.8496070759709e-05 105252.27343750
16059041 59.567962962963 0.354908134845121 4.5161849776452e-05 99599.42187500
16059062 59.893287037037 0.435311504405432 1.49338440357588e-05 169905.95312500
16059064 59.9244212962963 0.421174841828489 2.47872827912914e-05 153037.53125000
16059065 59.9363425925926 0.415566633169683 2.69236842902012e-05 148440.57812500
16059066 59.9479398148148 0.411641467048923 3.19613253480393e-05 145684.96875000
16059067 59.9561458333333 0.40460569212107 1.76789666183771e-05 142852.10937500
16059068 59.9813425925926 0.397836556208945 2.54205929828276e-05 134327.76562500
16059069 59.9946990740741 0.392052813658752 1.79954933225716e-05 129511.89062500
16060001 60.026724537037 0.384754014057107 2.36400239341391e-05 118965.91406250
16060002 60.048287037037 0.380710078055333 2.36189551096571e-05 114356.07031250
16060003 60.0650694444444 0.376754052871722 1.97008691366376e-05 112617.71875000
16060004 60.0903009259259 0.372146105444201 1.99657025077673e-05 105072.00000000
16060005 60.1153819444444 0.36765235402193 1.76178919546536e-05 102200.50781250
16060008 60.1677083333333 0.362683117886965 2.37144735447293e-05 92993.70312500
16060011 60.1911342592593 0.359547242864438 2.31210094607332e-05 91049.32812500
16060014 60.2174884259259 0.357556833563133 3.32171412901497e-05 85757.01562500
16060016 60.3280324074074 0.442184035827805 2.81995098958459e-05 183696.84375000
16060017 60.3383449074074 0.432396029243424 0.000125608486271784 168090.34375000
16060018 60.3402893518519 0.43264690102705 0.00035336856384825 170189.23437500
16060025 60.3574189814815 0.416280235170198 1.57228872933681e-05 164446.25000000
16060026 60.3867708333333 0.40689551537372 3.09727073660685e-05 150951.51562500
16060027 60.3965277777778 0.401249245912273 1.92455391967904e-05 147539.20312500
16060028 60.4184259259259 0.388291500737335 0.000132711257852237 141603.06250000
16060030 60.4258564814815 0.390693453229732 0.000100145266153144 138371.03125000
16060031 60.4284027777778 0.39104906154087 2.58414639123153e-05 137521.17187500
16060032 60.4475462962963 0.386902222984531 4.61880790062893e-05 133606.67187500
16060034 60.456087962963 0.386335086235492 7.84971389761127e-05 129254.35937500
16060036 60.4647916666667 0.394794176998115 0.000497915146758636 126537.38281250
16060037 60.4662384259259 0.37717074262997 1.85825371448479e-05 122828.89843750
16060038 60.4917361111111 0.37346854937893 1.89107552913143e-05 116751.12500000
16060039 60.5168865740741 0.368373062165819 2.19380340444741e-05 108986.50781250
16060040 60.5383333333333 0.367087826225696 2.08377382183634e-05 110467.32031250
16060041 60.5603587962963 0.366562449293822 4.36756897149957e-05 109630.34375000
16060042 60.5711689814815 0.363061124462037 3.24776007098723e-05 103913.10156250
16060043 60.5809259259259 0.362502145369695 0.000123165278857235 102239.14062500
16060044 60.5844212962963 0.360451240920869 2.10963991708432e-05 101247.63281250
16060045 60.6077777777778 0.356784089187953 2.17562016938126e-05 98453.39843750
16060046 60.6300462962963 0.353222905809158 2.3848658553756e-05 94963.82812500
16060053 60.7572569444444 0.420047745537081 1.92898071350983e-05 136478.15625000
16060054 60.7780787037037 0.410498515364787 1.97947390622101e-05 131018.46093750
16060055 60.7997222222222 0.403239919123766 1.97446438290066e-05 122185.07812500
16060056 60.8230324074074 0.395769096432435 2.08595789697905e-05 115695.25000000
16060057 60.8447800925926 0.392653345370781 4.97798885175811e-05 105844.60156250
16060058 60.8587847222222 0.38761211467391 2.56859471503561e-05 105728.71093750
16060059 60.8758101851852 0.383642275689873 2.05162395518609e-05 100899.96875000
16060060 60.9019907407407 0.379033528305976 2.29604060513642e-05 92980.82031250
16060061 60.9236226851852 0.37458251769325 2.04303114854722e-05 88113.44531250
16060062 60.9522222222222 0.371019326139474 2.11476440384548e-05 83516.48437500
16060063 60.9807060185185 0.36857749858285 6.90718996397829e-05 80619.23437500
16060064 60.990162037037 0.370259027874501 0.00075129540488635 76601.71875000
16060065 60.9931018518519 0.367244642700013 2.63891293925766e-05 75365.55468750
16061008 61.1722453703704 0.435106964711578 1.68438241298228e-05 178662.07812500
16061009 61.1940509259259 0.422731646112274 1.92578249852112e-05 171193.62500000
16061010 61.2126273148148 0.417378210305016 2.93033470073995e-05 160377.23437500
16061011 61.2227546296296 0.408237141716755 1.85222718736737e-05 155046.29687500
16061012 61.2494907407407 0.400807251808226 4.06226354671991e-05 147603.59375000
16061013 61.2562268518518 0.398585546982134 2.58548038796642e-05 144229.90625000
16061014 61.2677430555556 0.393531624922645 1.74733442528745e-05 142349.92187500
16061015 61.2998148148148 0.385629327690092 1.9247804545755e-05 131456.26562500
16061016 61.3221527777778 0.381553991565341 1.97426552780865e-05 126640.39843750
16061017 61.3439467592593 0.377674231255434 1.96224289083077e-05 120382.34375000
16061018 61.3669444444444 0.373820108369313 1.8998499842489e-05 118721.25781250
16061019 61.3921527777778 0.371066556375275 4.40449898641425e-05 113583.46875000
16061035 61.5154166666667 0.451047029405865 2.73087892014077e-05 151427.95312500
16061037 61.5397337962963 0.429587919321951 1.81591921390927e-05 138989.10937500
16061038 61.5637962962963 0.418406759388824 1.94823876448476e-05 132924.20312500
16061039 61.5863888888889 0.409791858215311 1.98830938124735e-05 125983.68750000
16061041 61.6099884259259 0.40396845380692 4.76280175192785e-05 121476.85937500
16061042 61.6145601851852 0.399433921637426 1.89403365897211e-05 119133.30468750
16061049 61.6477777777778 0.392367746180774 2.28240227629515e-05 106823.22656250
16061060 61.6877893518519 0.386266242914863 5.1412520205671e-05 103101.87500000
16061061 61.6922800925926 0.382808625133701 2.19820867115453e-05 104041.86718750
16061062 61.7143634259259 0.37882461266776 2.51831406340568e-05 101054.48437500
16061075 61.7752430555556 0.370432428063561 2.80572768769391e-05 87791.53125000
16061076 61.7991435185185 0.369621835516731 0.00019459059955382 84224.69531250
16061077 61.8083101851852 0.367037808889929 2.52758652181784e-05 81559.22656250
16061078 61.8313773148148 0.364863165783976 3.38825372855825e-05 80580.60156250
16061083 61.9870717592593 0.434395330243927 2.19065332413487e-05 185499.57812500
16061084 61.9995486111111 0.42759020622838 2.4201681650062e-05 180310.29687500
16062001 62.0105787037037 0.42626777997417 0.000163585760292831 169378.01562500
16062002 62.0119212962963 0.425015367346281 0.000101355742626852 171373.89062500
16062003 62.0140509259259 0.420103249394041 3.39968677188253e-05 172597.17187500
16062004 62.0216666666667 0.420859868262767 8.91268801159679e-05 167716.92187500
16062005 62.0234606481482 0.427343011244828 0.000210180158066304 169081.84375000
16062006 62.0248611111111 0.411199274723078 1.65535456644513e-05 167420.76562500
16062008 62.0750578703704 0.405239051655041 6.96225655557745e-05 129138.46875000
16062009 62.078275462963 0.432998820993523 0.000309047914711955 123691.63281250
16062010 62.0805439814815 0.403736048619537 2.73611942006779e-05 123640.13281250
16062011 62.1062615740741 0.426227268913827 0.000482085508143492 112076.89843750
16062012 62.1075462962963 0.398667099088812 3.70745633391909e-05 110196.90625000
16062013 62.1151157407407 0.397374705786966 6.72750692969016e-05 108381.30468750
16062014 62.1245601851852 0.416910695212211 0.000330509376479517 92749.04687500
16062015 62.1264236111111 0.39490767847581 2.73385675354567e-05 103488.17187500
16062016 62.1414930555556 0.392447191887469 2.73780655959587e-05 97835.32031250
16062017 62.1572337962963 0.389150660003177 2.25970160488641e-05 92852.05468750
16062018 62.1802199074074 0.385451143247605 2.36751659061538e-05 91821.92187500
16062019 62.2019560185185 0.382235260999471 2.44644163968177e-05 88396.73437500
16062020 62.2235763888889 0.37993294255754 5.43290644927121e-05 83078.67187500
16062021 62.2323842592593 0.380240393892936 5.28458259422239e-05 80014.03125000
16062022 62.2387962962963 0.377846030114628 2.51505539812279e-05 79782.25000000
16062023 62.2605324074074 0.375269872926738 2.56674531200837e-05 74811.85937500
16062024 62.2821875 0.373123123750118 2.47557658828226e-05 72918.99218750
16062025 62.3066782407407 0.37137136100626 5.53271531849263e-05 69249.14843750
16062045 62.663900462963 0.441964708916556 2.37262593809234e-05 140315.40625000
16062046 62.678900462963 0.436947827758493 5.9671217916051e-05 131816.81250000
16062047 62.6832638888889 0.429137576336806 1.8100483030552e-05 130387.50000000
16062049 62.7111689814815 0.418166181456244 2.35332370324344e-05 120549.74218750
16062050 62.7328125 0.412609620362211 9.0851805804366e-05 113145.66406250
16062051 62.7368055555556 0.409642689339785 2.09479513715316e-05 109063.76562500
16062052 62.7593055555555 0.405301085380915 3.64780988041774e-05 105870.35156250
16062053 62.770787037037 0.401148986781877 2.47999425770173e-05 102805.71093750
16062054 62.7994560185185 0.394765455240476 2.25108164513688e-05 97655.04687500
16062055 62.8219444444444 0.390342686508634 2.44556664954534e-05 90521.38281250
16062056 62.8427314814815 0.386521609764197 2.18073706204209e-05 86851.53125000
16062057 62.8684953703704 0.382670413102682 2.42579117884432e-05 83130.17968750
16062058 62.8902199074074 0.380056866066362 2.39790838318124e-05 79292.93750000
16062078 62.9877314814815 0.437355487053372 2.14948981948512e-05 167704.04687500
16063001 63.002037037037 0.426277644678889 1.94962976765524e-05 159913.67187500
16063002 63.0206365740741 0.417426595329319 2.25558476547995e-05 150925.76562500
16063003 63.0358680555555 0.409155689218687 1.86893457215955e-05 147204.40625000
16063004 63.0583796296296 0.400740447427055 1.90726336655277e-05 136362.26562500
16063005 63.0816666666667 0.395523851685581 2.65019342146732e-05 127696.28125000
16063006 63.096087962963 0.393533124619553 7.67642479655661e-05 124515.74218750
16063007 63.1010763888889 0.389266208846886 2.0874487226738e-05 123331.09375000
16063091 63.7904513888889 0.452761966978477 2.91888351347148e-05 170382.39062500
16063092 63.7986342592593 0.44206057802611 2.00106148961065e-05 164446.25000000
16063093 63.8175115740741 0.430210135664882 1.84514500309226e-05 154415.34375000
16063094 63.8389467592593 0.419906887050979 1.95602235189278e-05 145260.03125000
16063095 63.8619675925926 0.412698189364624 3.69437022285645e-05 135898.70312500
16063096 63.8714351851852 0.439572914462093 0.000406998716426554 130838.18750000
16063097 63.8736574074074 0.439711158365007 0.000409209190838952 129434.63281250
16063099 63.8791319444444 0.376795235247074 0.000377163457118587 124193.83593750
16063100 63.8891087962963 0.404347638462889 2.90515134814291e-05 120446.72656250
16063111 63.9458217592593 0.391224101889009 2.31708092368772e-05 103423.78906250
16063112 63.9654166666667 0.385925672416368 2.13725547281446e-05 98389.01562500
16063113 63.9891319444444 0.382199960322299 2.30897085584759e-05 93315.61718750
16064001 64.0104513888889 0.380160745995711 2.91970383994901e-05 91615.89843750
16064002 64.0255439814815 0.378397496276162 3.52430690703773e-05 87598.38281250
16064006 64.1098032407407 0.441054702925608 3.11286305830671e-05 177258.51562500
16064007 64.1171064814815 0.430241889394405 1.60349985734115e-05 170446.76562500
16064008 64.1425231481482 0.4174355482318 1.66509454896489e-05 163892.56250000
16064009 64.1672800925926 0.408817186426793 1.84187059551448e-05 151930.14062500
16064010 64.1894444444444 0.400979328512846 1.82307866091538e-05 143457.31250000
16064013 64.2146990740741 0.397036464826133 0.000105408279296825 137971.85937500
16064014 64.2195949074074 0.397339345201968 0.000104042494143944 135203.37500000
16064016 64.2239699074074 0.393800225287189 3.35072307625455e-05 136594.04687500
16064017 64.2317361111111 0.392323761836298 5.91278723943359e-05 131147.21875000
16064018 64.2382523148148 0.388957861696104 2.15193876507398e-05 129795.17968750
16064019 64.2847685185185 0.381079450775268 2.96416765121335e-05 114806.75000000
16064020 64.2965972222222 0.379013404236949 3.01556781548412e-05 116351.95312500
16066022 66.4352083333333 0.390570292545376 2.51583402183648e-05 129690.95312500
16066023 66.4526388888889 0.385181584015922 1.94578561610417e-05 122485.81250000
16066024 66.4743402777778 0.380815057879765 1.87139147562621e-05 119146.25781250
16066025 66.4987384259259 0.378151948740231 4.21043764166993e-05 114522.25000000
