16048109 48.7655555555556 0.461710933589777 1.75453926891247e-05 127709.15625000
16048110 48.7868055555556 0.452159745040627 2.18670422216158e-05 116892.77343750
16048111 48.8020949074074 0.445717398545999 2.51359547131854e-05 115115.78906250
16048115 48.8338888888889 0.438276081607184 4.88535363990569e-05 102290.64062500
16048116 48.8390277777778 0.435546258385904 6.10810924294902e-05 102792.83593750
16048117 48.8450231481482 0.432673825169255 3.09881814673625e-05 100565.17187500
16048118 48.8548032407407 0.430834884867829 3.87033364832443e-05 98968.46875000
16048119 48.8631018518519 0.428299618318897 3.72210784089625e-05 98324.63281250
16048120 48.8703587962963 0.425215780789376 2.36727254738326e-05 97487.65625000
16048121 48.8972222222222 0.419909805344592 2.13620585185805e-05 90766.03906250
16048122 48.920462962963 0.416591073917767 2.35160040768532e-05 87327.96875000
16048125 48.9488773148148 0.41265169408445 3.01387043163039e-05 84005.79687500
16048126 48.9610532407407 0.411974611123939 4.4728633924327e-05 81932.65625000
16048127 48.9681944444444 0.410150394066391 2.18252436687002e-05 80851.01562500
16048128 48.9911226851852 0.408655344613438 3.63375652436435e-05 76099.53125000
16049010 49.1021527777778 0.459284111869176 2.22965169027059e-05 112488.95312500
16049012 49.1203009259259 0.451037016135798 2.1637448195518e-05 102779.96093750
16049013 49.1373611111111 0.444276716985042 2.79185603753558e-05 104711.45312500
16049014 49.1500810185185 0.439837820233555 6.50820304713908e-05 98376.14062500
16049015 49.1565509259259 0.438397589469702 5.95553761430578e-05 98157.24218750
16049016 49.1619328703704 0.436592970546469 9.32977270679712e-05 96418.89062500
16049017 49.1663657407407 0.432838191748597 2.01374921867847e-05 93302.74218750
16049018 49.1901273148148 0.426515454742682 2.84381225508633e-05 91293.98437500
16049019 49.2071296296296 0.426241944935519 8.58199432917713e-05 87920.29687500
16049020 49.2094444444445 0.422837704081964 2.06845157258781e-05 84894.28125000
16049021 49.2334722222222 0.419822055872575 3.77974734069382e-05 82048.53906250
16049022 49.2450231481481 0.416405175862276 2.98630776540699e-05 80773.75000000
16049023 49.2579861111111 0.414610768020161 3.47707329920055e-05 79666.35937500
16049024 49.2688310185185 0.412842508189959 3.07495689729783e-05 78636.22656250
16049025 49.2837037037037 0.409311303083907 3.00861245948321e-05 77103.90625000
16050009 50.2655208333333 0.450205838082327 1.81687297648568e-05 138152.12500000
16050010 50.2875810185185 0.440875943291318 1.77650497038551e-05 131108.59375000
16050011 50.3120717592593 3.72930599242316 6.0351920779915e-05 127103.95312500
16050036 50.7092824074074 0.480687889353071 0.000162541229883088 146470.43750000
16050037 50.712349537037 0.464400196942784 1.94381955904935e-05 143740.59375000
16050038 50.7307523148148 0.46309874576453 7.62308321129788e-05 139529.92187500
16050039 50.7338425925926 0.45380488353707 5.54523618473046e-05 141796.21875000
16050040 50.737974537037 0.449898830050217 1.93325006975713e-05 138577.04687500
16050041 50.758125 0.445758430908593 8.35492709619162e-05 129357.37500000
16050042 50.7629166666667 0.443045275828483 5.6731244500477e-05 126756.28906250
16050043 50.7663078703704 0.439266938604809 4.0971609972265e-05 127297.10937500
16050044 50.7796412037037 0.437514233226407 7.7437875108059e-05 123833.29687500
16050048 50.7940625 0.43415167484036 8.34983710641302e-05 121425.35156250
16050049 50.7983101851852 0.430567811626397 4.88279178330243e-05 120639.87500000
16050050 50.8052893518519 0.431049766964883 0.000155596829067416 118077.42187500
16050051 50.807337962963 0.431286999617151 0.000122906213940739 116725.37500000
16050052 50.8102083333333 0.424924696748925 2.06758168456023e-05 118283.44531250
16050053 50.8317361111111 0.423433162418735 6.70931176866222e-05 112051.14843750
16050054 50.837349537037 0.419054699546983 2.25591951739077e-05 111458.82031250
16050065 50.8721990740741 0.413888100426616 4.84273797024022e-05 106012.00000000
16050066 50.8808796296296 0.411768480520128 2.18331890966972e-05 106127.89062500
16050070 50.919537037037 0.407950056464624 7.08563254685052e-05 100127.36718750
16050071 50.9247222222222 0.405393989219987 2.17275690575958e-05 98363.26562500
16050072 50.9482407407407 0.402516689640914 2.55907831557667e-05 94783.55468750
16050073 50.9656018518519 0.400367613603938 2.84112469023837e-05 91976.44531250
16050075 50.9857291666667 0.399469689499503 4.02154608505013e-05 89941.92968750
16050076 50.9960416666667 0.399149813202292 4.3999873133399e-05 88641.39062500
16051001 51.0042592592593 0.398943690319603 3.45857208938018e-05 88203.58593750
16051003 51.0204976851852 0.398858490198647 4.57477513983209e-05 79511.84375000
16051004 51.0283564814815 0.397691102847789 3.47452366314116e-05 78777.87500000
16051007 51.0523032407407 0.395324634823243 2.70722502932188e-05 75957.88281250
16051008 51.0736226851852 0.393254417243993 2.68354672199339e-05 72661.46093750
16051009 51.0949652777778 0.39240414367044 3.76790010145509e-05 68528.05468750
16051022 51.2465625 0.446098136399007 4.10448814409696e-05 126807.78906250
16051026 51.3206365740741 0.463856747551861 6.93797633290416e-05 146122.78125000
16051027 51.3226736111111 0.454935716703314 1.48632561638906e-05 149612.34375000
16051028 51.3525578703704 0.444932902107446 2.32336926858217e-05 139130.75000000
16051029 51.3725810185185 0.438304366594349 2.69640699919598e-05 132074.34375000
16051030 51.3837384259259 0.436578794679906 6.5175855245056e-05 135911.59375000
16051031 51.3878125 0.434707776003095 4.51714456135076e-05 133529.40625000
16051032 51.3934837962963 0.431681661996185 2.68574404632582e-05 126936.55468750
16051033 51.4051851851852 0.430406535897979 3.94644974191649e-05 128816.55468750
16051034 51.4116550925926 0.43048238246846 9.03288770082539e-05 126807.78906250
16051035 51.414525462963 0.426741570742574 3.72886595050476e-05 125597.39062500
16051036 51.4216319444444 0.425160256495849 2.78821222811812e-05 124206.71093750
16051037 51.4361921296296 0.421168062683808 3.09562625276092e-05 123588.63281250
16051038 51.4474537037037 0.419662193389386 3.83682833680813e-05 122687.26562500
16051039 51.4541782407407 0.417879743022825 2.63787207497677e-05 120936.03906250
16051040 51.4710300925926 0.416289437043355 3.96908313408665e-05 116145.92187500
16051041 51.4787962962963 0.413600190299312 2.86862158668329e-05 114819.62500000
16051042 51.4955439814815 0.412730677648887 7.37671706434737e-05 112836.62500000
16051044 51.5004861111111 0.411750273932556 4.10392915431934e-05 110711.97656250
16051045 51.5066435185185 0.408919533130535 2.41316044632155e-05 109115.27343750
16051046 51.5242361111111 0.4091449520528 0.000132716112905885 108033.63281250
16051047 51.5255324074074 0.407091354828026 3.0486393164364e-05 105651.45312500
16051048 51.5382060185185 0.404317181275267 2.44230733370753e-05 104350.90625000
16051049 51.5557638888889 0.40272899121691 2.52767061942807e-05 101144.62500000
16051050 51.5760069444444 0.401847788340494 4.43729406042026e-05 100990.10156250
16051051 51.583912037037 0.400361661599711 3.56230733561059e-05 97616.42187500
16051052 51.5970833333333 0.396639482235856 3.5074631030615e-05 96238.61718750
16051056 51.6133680555556 0.395224122717984 2.59093647818394e-05 93328.49218750
16051057 51.6341666666667 0.393849862709905 2.61813736724519e-05 91229.60156250
16051058 51.6523842592593 0.391817631873311 3.37737321407264e-05 88139.20312500
16051059 51.6635416666667 0.389986056103612 2.96084978515874e-05 86709.89062500
16051060 51.6832638888889 0.390042550259487 4.2184573372955e-05 88422.48437500
16051101 51.885462962963 0.477279526431344 2.24777199347095e-05 108407.05468750
16051102 51.9005439814815 0.471173695467781 3.56946021113259e-05 102960.23437500
16051103 51.9073263888889 0.462835591163036 1.9544971331971e-05 102393.65625000
16051104 51.9308333333333 0.458676411658971 7.86644787744943e-05 92942.19531250
16051105 51.9359606481482 0.452929535306348 4.02840185642495e-05 94281.36718750
16051106 51.945775462963 0.450258059395057 0.000109248187821981 91551.51562500
16051107 51.9484375 0.448177747692361 3.7471340438986e-05 91693.15625000
16051108 51.9566435185185 0.446470600691367 9.6697314058325e-05 87430.98437500
16051109 51.9593171296296 0.44498564125775 6.78884315575895e-05 90006.31250000
16051110 51.9622106481482 0.444356168057443 4.82964856665437e-05 87778.65625000
16051111 51.9673148148148 0.44223717629268 5.73545868488513e-05 87289.34375000
16052013 52.2808680555556 0.463754086307636 1.79193647446526e-05 119880.15625000
16052015 52.3025347222222 0.452889197196574 1.96625092940695e-05 117523.72656250
16052016 52.3210763888889 0.444348593696262 1.96953061041742e-05 116261.81250000
16052017 52.3405555555555 0.438902698266121 3.82879160893709e-05 111523.20312500
16052018 52.3523032407407 0.433658711681221 2.2563250413446e-05 105883.23437500
16052019 52.3691203703704 0.428771482500566 2.27763581643685e-05 104363.78906250
16052021 52.3903240740741 0.424878358184458 7.14699824940195e-05 99161.61718750
16052022 52.3956018518519 0.42329047987485 5.91615783837286e-05 96187.10937500
16052023 52.4020833333333 0.420623850338137 7.55196392815374e-05 94139.71875000
16052028 52.4211111111111 0.412563728225942 2.55663509504569e-05 86503.86718750
16052030 52.4431944444444 0.391537021924361 4.1565665229708e-05 83078.67187500
16052031 52.45125 0.391242630915601 2.39155184543394e-05 79872.39062500
16052032 52.4716550925926 0.396360484615984 8.27895268652983e-05 85937.28906250
16052034 52.4786689814815 0.395010612600387 2.75167769619114e-05 85602.50000000
16052035 52.4924421296296 0.396726033195871 0.000125253658330946 85306.33593750
16052036 52.4994907407407 0.395217302884108 8.50452414242795e-05 83220.32031250
16052037 52.5014814814815 0.392954364689889 3.83101081856641e-05 83297.57812500
16052038 52.51 0.392335607878116 3.44056566336249e-05 83825.52343750
16052039 52.5226967592593 0.391841763720073 0.000102355259517848 81816.76562500
16052040 52.525462962963 0.392171503932883 3.87042499543764e-05 81391.83593750
16052041 52.5334143518519 0.391125700758355 2.48466516101284e-05 80838.14062500
16052042 52.5514351851852 0.391581150041752 0.000106462267500891 79936.77343750
16052043 52.5542708333333 0.39047143785699 0.00010666726015526 76395.68750000
16052044 52.5571527777778 0.389596456444269 2.41858255055678e-05 78056.78125000
16052045 52.5769791666667 0.388691580444601 4.84373030445095e-05 76318.42968750
16052046 52.5823263888889 0.391401543093484 0.00017096461197202 77889.38281250
16052048 52.5898032407407 0.390639605017567 0.000107562802668097 76588.84375000
16052049 52.5931944444444 0.38760079039675 2.43849360228029e-05 75687.47656250
16052050 52.6128819444444 0.386058846697474 4.48347017298798e-05 73215.15625000
16052051 52.6192476851852 0.386380090188321 6.11331955508671e-05 73640.08593750
16052087 52.9683796296296 0.46420319023096 2.32122833933934e-05 117987.28906250
16052088 52.9803009259259 0.460990317137807 2.2834654818202e-05 116287.57031250
16052089 52.9940162037037 0.454519536565987 1.91679841124137e-05 115308.93750000
16053001 53.014525462963 0.450116050586362 8.16131704685441e-05 110763.48437500
16053002 53.0172916666667 0.445506361281977 1.93483731305713e-05 107647.33593750
16053003 53.0394212962963 0.438630450176801 1.9324363678491e-05 104853.10156250
16053004 53.0619560185185 0.433064260651978 1.99184038038071e-05 100809.82812500
16053005 53.0846643518518 0.4300523562187 5.36510128218557e-05 95388.75781250
16053006 53.1081944444445 0.424668652390437 2.1318733661146e-05 92452.88281250
16053007 53.1293865740741 0.420980426478656 2.37211478245717e-05 89774.53906250
16053008 53.1472222222222 0.418739698038593 2.73611805286727e-05 85344.96875000
16053009 53.1656018518518 0.415207304211782 2.22059230722116e-05 85576.75000000
16053010 53.1873148148148 0.412759879919856 2.2483858972656e-05 81069.91406250
16053011 53.2090509259259 0.411319860481582 3.62678018251513e-05 79808.00781250
16053012 53.2177199074074 0.40950040644142 2.5480562737595e-05 78597.60156250
16053017 53.244537037037 0.407964562189707 4.74542268115175e-05 76254.04687500
16053019 53.2529398148148 0.408569896039762 3.84527033057596e-05 77039.52343750
16053030 53.2901273148148 0.404197299257686 3.89072394080949e-05 71708.58593750
16053031 53.2985763888889 0.403567471018336 3.57219769498129e-05 71167.76562500
16053043 53.4778935185185 0.448063154923049 1.67002775710826e-05 142362.79687500
16053044 53.5005671296296 0.442100716967699 3.46704029916337e-05 133799.81250000
16053045 53.5067476851852 0.438387802155065 2.05923246186751e-05 127992.43750000
16053046 53.5256481481482 0.432550534636887 2.08470533336902e-05 122854.66406250
16053047 53.5439236111111 0.428402304609073 2.13019623586851e-05 118631.12500000
16053048 53.5620023148148 0.424352167858884 2.14670989474984e-05 113094.15625000
16053049 53.5822569444444 0.423452975422769 5.97742213178077e-05 110892.25000000
16053051 53.5908101851852 0.420683017622473 4.46805870627927e-05 107042.13281250
16053052 53.5958564814815 0.419215322132906 2.18631830085483e-05 108149.52343750
16053053 53.6146412037037 0.417006886399656 4.89384221829894e-05 101724.07031250
16053054 53.6208564814815 0.415676825458957 2.21433216021246e-05 102071.74218750
16053055 53.638912037037 0.413178945321169 2.84830867742221e-05 100024.35156250
16053056 53.6503009259259 0.410735105809597 2.25730509025742e-05 96663.54687500
16053057 53.669537037037 0.409698478916008 3.17054981507264e-05 93637.53125000
16053058 53.6792476851852 0.408629202627336 4.29978833011464e-05 93418.63281250
16053059 53.6848726851852 0.407258960619206 2.27301895056714e-05 94976.70312500
16053060 53.7068055555556 0.404956162809168 4.05550027244415e-05 89929.05468750
16053061 53.7133796296296 0.404947625393405 5.97905802698871e-05 90096.45312500
16053062 53.717962962963 0.404046053740044 3.19592909344335e-05 87340.85156250
16053063 53.7283564814815 0.402565726955315 2.32071692900835e-05 86220.57812500
16053064 53.7479513888889 0.401613121621858 2.32219121990862e-05 83207.44531250
16053065 53.769375 0.399800377003937 2.14189580595226e-05 80426.08593750
16053066 53.7930902777778 0.399122701731886 2.28470327839711e-05 77464.45312500
16053067 53.8145486111111 0.398017628839153 3.92569060971846e-05 79061.15625000
16053073 53.8991435185185 0.45737639755517 1.62628108165071e-05 152033.15625000
16053074 53.9206018518518 0.446915975084103 1.69906239228813e-05 141010.73437500
16053075 53.9421296296296 0.439874920685663 2.03175996950071e-05 132434.89062500
16053077 53.9655092592593 0.434852808407452 4.73347811304867e-05 125545.88281250
16053078 53.9722800925926 0.430315837469855 1.85821283639184e-05 125133.82812500
16053079 53.9938773148148 0.425455011919416 1.8881255088888e-05 117382.08593750
16054001 54.0153935185185 0.421919997509686 3.03179673095596e-05 114858.25781250
16054002 54.0244675925926 0.42015723304849 6.10357842734169e-05 113042.64843750
16054003 54.0304976851852 0.53525352292064 0.000784731323629781 108252.53125000
16054005 54.0371643518518 0.41713729483362 1.94840209110079e-05 107029.25000000
16054006 54.0604976851852 0.412723785143716 2.26896147939488e-05 102973.10937500
16054007 54.0791435185185 0.411068901664673 2.04518195377405e-05 99084.35937500
16054010 54.103287037037 0.406730872664463 2.06665738182135e-05 95259.99218750
16054011 54.125 0.400591753523605 2.92760080380902e-05 92749.04687500
16054012 54.1397453703704 0.399819664533988 2.23753272372021e-05 87418.10937500
16054013 54.1616782407407 0.397521658150694 2.19628981222841e-05 85435.10156250
16054014 54.1837384259259 0.394448865015581 2.63301100535857e-05 80400.32812500
16054015 54.1999074074074 0.3943033703741 8.05966665781167e-05 78005.27343750
16054016 54.2035185185185 0.399010990454473 0.000239962542866428 79061.15625000
16054017 54.2046875 0.395300138232059 9.06886539801861e-05 75120.89843750
16054018 54.2074305555556 0.389758040667959 0.00013862353179369 77850.75000000
16054019 54.2090625 0.393061684993701 2.31103027516725e-05 77580.34375000
16054020 54.2308217592593 0.392806154711175 2.64960598014835e-05 75339.80468750
16054021 54.2481828703704 0.39147779931278 5.45560368035869e-05 75198.16406250
16054022 54.2549884259259 0.392067373221674 8.48907391799056e-05 71669.96093750
16054059 54.5834953703704 0.462872841355931 1.55588277944109e-05 140276.76562500
16054060 54.6094675925926 0.45369576322341 2.51241209677511e-05 125751.90625000
16054061 54.6209027777778 0.449874239112292 0.000108766340755231 124580.12500000
16054062 54.6241550925926 0.448017005275643 3.23227007799136e-05 124322.60156250
16054063 54.6316435185185 0.443480123326851 2.1319297558386e-05 124026.43750000
16054064 54.6484027777778 0.439265941766135 2.97135167497966e-05 116635.23437500
16054069 54.6642939814815 0.432731661641231 2.34307231336414e-05 110634.71875000
16054070 54.6816782407407 0.428387594934527 2.21006663390091e-05 110338.55468750
16054072 54.7055439814815 0.422167721611884 2.89687704803143e-05 104299.40625000
16054073 54.7170949074074 0.423880584517786 0.000166962625684302 100397.77343750
16054074 54.7184953703704 0.419976190457363 0.000199737962075412 102638.31250000
16054075 54.7208449074074 0.420214377182336 4.32951282919472e-05 101363.52343750
16054077 54.7269560185185 0.420652347338581 4.66635802693855e-05 98929.83593750
16054078 54.7314699074074 0.418061629524941 2.0598785263578e-05 97152.85937500
16054079 54.7529861111111 0.413259572614462 2.08526519481296e-05 95852.32031250
16054080 54.8107175925926 0.406649232594121 2.01706202151332e-05 87250.71093750
16054082 54.8397106481481 0.403463796788826 1.70752218937534e-05 84714.00781250
16054086 54.8842361111111 0.395126577145379 2.61495101464574e-05 80503.34375000
16054087 54.9010069444444 0.394309833551997 4.33076823115399e-05 77992.39843750
16055002 55.0092708333333 0.465660306619145 1.7417530086201e-05 128301.48437500
16055003 55.0333796296296 0.453186987717804 1.89220126072787e-05 117394.96093750
16055004 55.0567476851852 0.442228102775078 1.73040904972987e-05 110750.60937500
16055005 55.0856481481481 0.435082746422752 2.40522301891799e-05 99779.69531250
16055006 55.1020601851852 0.43326175476126 7.9663915265441e-05 98079.97656250
16055007 55.105474537037 0.428411929245462 1.99198124475543e-05 96869.57031250
16055008 55.1300810185185 0.42721440590473 8.17133866471333e-05 93148.21875000
16055009 55.1333564814815 0.425421341981864 3.57254291373909e-05 92401.37500000
16055010 55.1421064814815 0.421497185187363 1.79421884067452e-05 87469.61718750
16055011 55.1747685185185 0.415363141558468 1.84139476784537e-05 85087.42968750
16055012 55.2079513888889 0.41147106660776 1.89688224433151e-05 81018.40625000
16055013 55.2399768518518 0.409052293997106 2.49252994340344e-05 77812.12500000
16055014 55.2603472222222 0.405937006003194 4.57343879891787e-05 75867.75000000
16055018 55.273587962963 0.404771416102079 3.97210003362939e-05 70820.10156250
16055019 55.2883449074074 0.404168786214297 3.21849898192036e-05 72133.51562500
16055021 55.3037731481481 0.401403579380615 2.50844239192548e-05 68605.31250000
16055022 55.324537037037 0.400382942032684 4.92449063126654e-05 67794.08593750
16055024 55.3327199074074 0.398532649769354 3.51377704250777e-05 64665.05859375
16055025 55.3447453703704 0.398993118471912 0.000113946567593397 64665.05859375
16055120 55.7071296296296 0.421765333143 1.5592115816831e-05 156939.15625000
16055121 55.7289930555556 0.419784704701196 1.40160954953002e-05 148749.60937500
16055122 55.7608912037037 0.415852143544033 1.89138987802216e-05 141834.84375000
16055123 55.7797685185185 0.411716757456943 1.55968476006874e-05 129241.48437500
16055124 55.8094212962963 0.531151554724916 0.000608099655354155 119403.71875000
16055125 55.8120138888889 0.409193708145128 2.08574581108689e-05 120202.07031250
16055127 55.8319791666667 0.532601886383231 0.00107237857502032 115476.33593750
16055128 55.8339930555556 0.405117301869854 1.68684861258226e-05 113428.95312500
16055129 55.8621296296296 0.401745632003842 1.58007823568667e-05 107222.40625000
16055130 55.8963657407407 0.398713018278666 1.49059970499825e-05 99174.49218750
16055131 55.9362962962963 0.395284492918514 1.88596866980077e-05 94976.70312500
16055132 55.9668981481481 0.3960644008913 4.75277826170329e-05 89620.01562500
16055133 55.9718981481481 0.393491660347641 1.90935825395384e-05 90070.69531250
16055134 55.9993981481481 0.391987626016607 2.36369255858393e-05 86375.10156250
16056004 56.0257175925926 0.397076145001285 0.000144434356954752 82846.89843750
16056016 56.1417013888889 0.453651395233242 1.35221310346359e-05 126266.97656250
16056017 56.1814467592593 0.438571088467149 1.67949000476432e-05 111626.21875000
16056018 56.2113310185185 0.431404178708184 1.76727693232428e-05 104865.97656250
16056019 56.2402893518518 0.426207826289643 2.24337089781846e-05 98710.93750000
16056020 56.2598726851852 0.42251731301626 9.78345326405336e-05 94461.64062500
16056021 56.2624537037037 0.421954541211601 6.13200886826116e-05 93766.29687500
16056022 56.2658101851852 0.419227025332964 1.72790151927786e-05 90907.67968750
16056023 56.2996296296296 0.413706494457312 2.08351828829095e-05 88628.51562500
16057003 57.0640972222222 0 7.82703398060738e-10 143238.40625000
16057004 57.0982638888889 0 1.04827113644913e-09 126576.01562500
16057005 57.126412037037 0 1.17005833919947e-09 115811.13281250
16057006 57.1538888888889 0 5.02132926114201e-09 116802.63281250
16057007 57.1639351851852 0 2.71526080859537e-09 111536.07812500
16057008 57.1770486111111 0 6.40581223045174e-09 108510.07031250
16057009 57.1832060185185 0 1.4018688473066e-09 107325.41406250
16057010 57.2091087962963 0 2.90150975169525e-09 101324.89843750
16057011 57.2223032407407 0 7.8602601496448e-09 100526.53906250
16057012 57.2316319444444 0 1.08380776924587e-09 99638.05468750
16057013 57.2671527777778 0 1.28276228717371e-09 95710.67187500
16057015 57.2999421296296 0 8.68208007384697e-09 91075.07812500
16057016 57.3053125 0 1.9578509726232e-09 88332.35156250
16057017 57.3272916666667 0 1.99410629583124e-09 85628.25000000
16057018 57.3494212962963 0 2.65099758523484e-09 85486.60937500
16057046 57.7843287037037 0.443918601176601 1.98029777457496e-05 159050.93750000
16057047 57.7984375 0.440608000158234 3.1768396176322e-05 148633.71875000
16057048 57.8053587962963 0.434991957275593 2.04548687098901e-05 147024.14062500
16057049 57.8201273148148 0.42897398565498 2.03868538368791e-05 140276.76562500
16057050 57.8363657407407 0.423357258532863 1.76158518306918e-05 135808.57812500
16057051 57.8581018518518 0.418824236634115 2.24482852644768e-05 128726.41406250
16057053 57.8802083333333 0.413993268948747 3.39771566021853e-05 126125.32031250
16057054 57.8869444444444 0.412121027380932 4.16178576004435e-05 122687.26562500
16058001 58.0010648148148 0.440735058616717 1.60714244504988e-05 159501.60937500
16058002 58.0226157407407 0.433397099589446 1.68103221201859e-05 143161.14062500
16058005 58.0501273148148 0.426254236511147 3.13649170813849e-05 134533.78125000
16058006 58.059212962963 0.4191462814135 1.44725699902079e-05 133477.90625000
16058007 58.0927083333333 0.418401765915975 0.000113034089838723 118965.91406250
16058008 58.0980439814815 0.410773329376082 1.87733101849364e-05 120433.85156250
16058015 58.1463425925926 0.402277450168668 1.62774496722219e-05 109205.40625000
16058016 58.1797800925926 0.398320419896916 3.4273917940775e-05 104492.55468750
16058017 58.1877199074074 0.396692407970137 1.73679435709582e-05 101041.60937500
16058018 58.2170601851852 0.393129260649054 1.93811145827141e-05 99393.39843750
16058019 58.2416898148148 0.390315780849573 1.99488961227448e-05 96161.35937500
16058020 58.2651851851852 0.388333335018362 3.44826913101471e-05 92607.39843750
16058021 58.2807060185185 0.386514433749981 1.92810113669082e-05 90469.87500000
16058022 58.3087268518519 0.384870697112753 2.04195010035729e-05 89117.82812500
16058023 58.3332175925926 0.381861481431376 2.20275742855925e-05 86233.45312500
16058024 58.3549421296296 0.380437509541899 3.74002406621056e-05 82627.99218750
16058025 58.3631365740741 0.379934836910403 7.40501083731972e-05 82074.29687500
16058026 58.3664351851852 0.380448391225413 2.34433195518639e-05 81778.13281250
16058070 58.6064351851852 0.428113830110896 0.000107820299258506 173485.65625000
16058071 58.6077546296296 0.429519019823456 7.63148260272159e-05 170459.65625000
16058072 58.610474537037 0.432672089077603 0.000251479023417468 167948.70312500
16058073 58.6123032407407 0.415025852207573 0.000168388502128991 167974.45312500
16058074 58.6174074074074 0.415747713115727 7.16986162296165e-05 5187.78564453
16058077 58.6283101851852 0.415200430709267 1.45126361099138e-05 160557.50000000
16058078 58.6538078703704 0.413719414353022 1.70412956535327e-05 145285.79687500
16058079 58.6752777777778 0.410123242166256 1.81930082683149e-05 133091.59375000
16058080 58.6960185185185 0.408453009763631 2.06265104371978e-05 127425.87500000
16058082 58.7217824074074 0.403103255753981 2.04920275763435e-05 121798.77343750
16058083 58.7399189814815 0.408519159166555 0.000117631077848936 118965.91406250
16058084 58.7414236111111 0.400051066033299 3.43820948695565e-05 121631.36718750
16058085 58.7554398148148 0.398238918685289 2.29003338367996e-05 118901.53125000
16058086 58.7787037037037 0.39712024582673 2.36859862568986e-05 112566.21093750
16058087 58.7962615740741 0.395803368736788 2.37213421744571e-05 105831.72656250
16058088 58.8135069444444 0.393168170887556 2.39285921222089e-05 103269.27343750
16058089 58.8328819444444 0.391350020152117 2.4722815650659e-05 99522.16406250
16058090 58.8497453703704 0.391161741641295 2.56278805050719e-05 97590.66406250
16058091 58.8663194444444 0.373573131145854 2.43425695342796e-05 90379.74218750
16058092 58.885787037037 0.357301390077301 7.35248460527363e-05 90894.80468750
16058093 58.889537037037 0.383709191113688 2.63097240603431e-05 89941.92968750
16058095 58.9125347222222 0.382718074548197 2.64625077141919e-05 87096.19531250
16058096 58.9298842592593 0.383260781102498 2.71747317024916e-05 84289.07812500
16058100 58.9515162037037 0.38209350182565 5.55006302590961e-05 78340.06250000
16059008 59.0646759259259 0.429075421159137 1.81179013782633e-05 175391.40625000
16059009 59.0793402777778 0.424381886182721 1.87536095254982e-05 169030.34375000
16059010 59.1065972222222 0.416464515080607 1.95850182199369e-05 155355.32812500
16059011 59.1293634259259 0.409774027601189 1.9780152904949e-05 149573.71875000
16059012 59.1440162037037 0.407499689896444 2.00208636143002e-05 142761.96875000
16059013 59.1586342592593 0.405176397154988 3.23288056722026e-05 140766.07812500
16059015 59.2538310185185 0.439361511985484 1.49351571516963e-05 181585.07812500
16059016 59.2756134259259 0.431547110962368 1.5415690834936e-05 165270.35937500
16059017 59.2974305555556 0.423297379322171 1.5111185101008e-05 163532.01562500
16059018 59.3213541666667 0.416424808903814 2.0261599178375e-05 152741.37500000
16059019 59.3401041666667 0.412100450469105 1.56372084807295e-05 146496.20312500
16059020 59.3723263888889 0.408253182428513 7.32804599863136e-05 138049.10937500
16059021 59.3742824074074 0.406348064397604 7.04990354292573e-05 135113.23437500
16059022 59.3761689814815 0.404415595489502 1.64941338415615e-05 134701.18750000
16059023 59.4052546296296 0.400088078294874 1.69909314575214e-05 127245.60156250
16059024 59.4287037037037 0.395852013214284 1.69729726338879e-05 124799.03125000
16059025 59.4530671296296 0.39435680234197 1.81762033130997e-05 118437.96875000
16059026 59.4751273148148 0.391964851461253 2.50142841431097e-05 115489.21093750
