16064077 64.8970486111111 0.430356483186626 3.653689372151e-05 155282.00000000
16064078 64.9029513888889 0.422169948633784 1.69471056707114e-05 149483.65625000
16064079 64.9289930555556 0.410811084230654 1.824825776211e-05 141458.93750000
16064080 64.9525925925926 0.404660473120711 2.16774936937343e-05 129018.14843750
16064081 64.9709722222222 0.400826355659524 6.7159811475373e-05 126302.45312500
16064082 64.9816782407407 0.396664867051751 2.97000747167442e-05 120369.53906250
16065001 65.005162037037 0.391473718243812 2.00266321253163e-05 115916.78906250
16065002 65.0282291666667 0.386933512476723 2.16499148932412e-05 107965.45312500
16065003 65.0501041666667 0.381724975349701 2.16035194895891e-05 103891.92968750
16065005 65.0744791666667 0.378246973355454 2.22065166738941e-05 95096.53125000
16065006 65.1009837962963 0.375854056185374 2.22046862489653e-05 94717.31250000
16065007 65.1239351851852 0.371994970456191 2.3019782581761e-05 85016.68750000
16065008 65.1466087962963 0.370674569214426 2.41116874061185e-05 84698.64062500
16065009 65.1678240740741 0.368233028388123 2.42695923962383e-05 81615.96093750
16065010 65.1896296296296 0.366259369716398 2.46532900492658e-05 77750.39062500
16065011 65.2114236111111 0.394080408122814 0.000499405060913285 75487.32031250
16065012 65.2132407407407 0.364649941179813 2.4360662306369e-05 73456.67187500
16065013 65.2365046296296 0.361880192542463 2.50676048801357e-05 72270.08593750
16065014 65.2600347222222 0.360466981687369 3.19167827162697e-05 68086.46093750
16065015 65.2762037037037 0.359325401265315 2.83994079712804e-05 65872.31250000
16065016 65.2954282407407 0.358286451598456 2.72556765866316e-05 62434.89453125
16065017 65.3172453703704 0.356504242883699 2.75270102329287e-05 63266.72656250
16065018 65.3394675925926 0.35598807267154 3.49551760708872e-05 60392.01171875
16065023 65.4300810185185 0.463486237319911 1.86733219563116e-05 206867.81250000
16065024 65.4460763888889 0.448634021522644 2.40986530841655e-05 191491.15625000
16065025 65.4573842592593 0.434334527065124 1.72527827276669e-05 177839.32812500
16065026 65.4824074074074 0.421337325709863 2.56968544297608e-05 162059.00000000
16065027 65.4934259259259 0.411634537086141 1.7274797402159e-05 156236.15625000
16065028 65.5176851851852 0.40285867318538 2.06005720707226e-05 146278.65625000
16065036 65.6069097222222 0.451558582871855 1.86757045058211e-05 186316.67187500
16065037 65.6238888888889 0.43775654620967 2.019256363607e-05 168016.37500000
16065038 65.6397685185185 0.425672402551361 1.71896550884066e-05 161337.25000000
16065039 65.6635763888889 0.416512885261473 2.01751110586153e-05 150450.04687500
16065041 65.6933680555556 0.404236870721815 1.98291801073638e-05 137630.04687500
16065042 65.7133101851852 0.398645529486274 2.39550569603478e-05 130106.85937500
16065043 65.7327893518518 0.398174788352451 7.96524092026054e-05 122277.85937500
16065044 65.7369328703704 0.392707639615901 1.97485872434064e-05 121531.65625000
16065045 65.7596875 0.388597713260396 1.9635409349956e-05 116760.85156250
16065046 65.7839236111111 0.384668017735791 2.12393136682333e-05 109103.10937500
16065047 65.8055555555556 0.382565291342 2.13082248128283e-05 106203.92968750
16065048 65.8272106481482 0.379735316467323 2.19245121330016e-05 102289.42968750
16065059 65.8928935185185 0.380536209171849 0.00028217851238485 93897.71093750
16065060 65.8946064814815 0.371537877344454 2.23980849962695e-05 92919.10156250
16065061 65.9165046296296 0.369320123708727 2.35559005431128e-05 90448.07031250
16065072 65.9942476851852 0.447710830655819 1.66361394490507e-05 183405.25000000
16066001 66.0158449074074 0.429967439637288 1.81632672696226e-05 164921.46875000
16066002 66.0371759259259 0.417949613492785 1.73635874682369e-05 160737.84375000
16066003 66.0603703703704 0.407742119401691 1.81499996655567e-05 149153.37500000
16066004 66.0834027777778 0.399840810798885 1.87058144594859e-05 137862.46875000
16066005 66.10625 0.393979104253798 2.20894055506476e-05 128956.97656250
16066006 66.1283912037037 0.388026813574507 1.90876554655122e-05 123611.23437500
16066007 66.1528935185185 0.384167841942456 2.12374723979216e-05 112821.88281250
16066008 66.1738425925926 0.380330331780558 2.06628126678942e-05 110791.22656250
16066009 66.1962847222222 0.377414875598744 2.11427952013462e-05 107525.07812500
16066011 66.2189930555556 0.37443931777656 2.13532850832458e-05 104711.52343750
16066012 66.2407523148148 0.372315690785471 3.17638567110985e-05 101457.60156250
16066015 66.3109375 0.447327050068972 1.46766434376759e-05 201754.48437500
16066016 66.3363657407407 0.429074847009452 1.77434837002328e-05 188910.03125000
16066017 66.3602893518518 0.414035228221503 1.68474395373486e-05 170793.21875000
16066018 66.3835416666667 0.406010888335934 2.55192471731699e-05 155661.21875000
16066019 66.3950925925926 0.401971825892992 2.60642054214758e-05 151661.09375000
16066020 66.4070023148148 0.398156374076372 3.41993960074549e-05 144137.93750000
16066021 66.417974537037 0.394268337653759 2.46292805498763e-05 141238.71875000
16066026 66.5050462962963 0.376018637795172 2.05737949864432e-05 113274.50000000
16066027 66.5266319444444 0.373139908114292 2.06779014542424e-05 110106.20312500
16066028 66.5486805555556 0.355310545978262 0.000619576399618472 105971.50781250
16066030 66.552037037037 0.370666687595983 4.68791797806742e-05 107500.60937500
16066031 66.5626273148148 0.367760440806224 2.14393209656628e-05 105164.14062500
16066032 66.5840162037037 0.364777377462734 2.3543315883761e-05 100723.62500000
16066033 66.6055671296296 0.362935043066908 2.23219420964849e-05 99182.28906250
16066035 66.6351851851852 0.358900684582447 2.39459600844945e-05 97971.24218750
16066046 66.7824537037037 0.451198752326943 3.21667346912152e-05 199589.28125000
16066047 66.788125 0.440630541339351 1.62215177377857e-05 194047.81250000
16066048 66.8092824074074 0.515006174938394 0.000417248587117721 184530.68750000
16066049 66.8121990740741 0.425954181746635 1.83102401722373e-05 174145.01562500
16066050 66.8308912037037 0.415178786488808 1.74600101034269e-05 165912.32812500
16066051 66.8525231481482 0.404376499361646 1.55879023804733e-05 156578.68750000
16066052 66.8809375 0.396596392711924 1.81234505698896e-05 144407.03125000
16066053 66.9028935185185 0.390946513612439 1.99099778241199e-05 141715.81250000
16066054 66.921875 0.386446662890422 2.2195928185848e-05 136357.82812500
16066055 66.9436921296296 0.381880920392546 2.04253997326411e-05 128908.04687500
16066059 66.9681597222222 0.376771964903719 1.94918065044892e-05 126485.95312500
16066060 66.9897569444444 0.37348792994915 1.98063254581849e-05 121739.61718750
16067001 67.0113194444445 0.369208490769352 1.95345046536599e-05 121605.04687500
16067003 67.0350578703704 0.367471761979801 1.99592073375113e-05 116968.81250000
16067004 67.0573958333333 0.363783197908165 2.19164607876694e-05 113971.77343750
16067005 67.0761921296296 0.361260718733175 1.99738748311304e-05 109054.17968750
16067006 67.0989467592593 0.360477007659902 4.329766328134e-05 108381.36718750
16067013 67.3713078703704 0.434848115528193 2.03942365135042e-05 175796.43750000
16067014 67.3866898148148 0.427669905755166 2.71157024920453e-05 160150.67187500
16067015 67.3963773148148 0.419229701047991 1.79061675838026e-05 159172.04687500
16067016 67.417962962963 0.410542807067104 1.77783505682338e-05 152664.20312500
16067017 67.4403356481481 0.401974159868549 1.84946190381082e-05 143697.53125000
16067019 67.4765972222222 0.391773084444365 1.90490426203611e-05 131599.26562500
16067020 67.4983912037037 0.386350636645376 1.93497735861171e-05 129923.37500000
16067021 67.5203009259259 0.382053234170038 1.95899422634587e-05 124357.43750000
16067022 67.5418634259259 0.377872377856204 2.0901087532142e-05 118436.75000000
16067039 67.8637847222222 0.430138097739285 1.42884671562061e-05 203895.23437500
16067040 67.8905555555556 0.419721471035737 4.03171353548531e-05 175184.79687500
16067041 67.8948726851852 0.413445328098244 1.68414069933698e-05 175368.32812500
16067042 67.9174189814815 0.403735164703476 1.67414335069273e-05 160921.34375000
16067043 67.9411342592593 0.395135859549358 1.79242145896755e-05 158034.39062500
16067044 67.9627083333333 0.388132865950416 1.81905138575647e-05 148578.42187500
16067045 67.9840046296296 0.386130026257493 0.000137136008612123 143159.28125000
16067046 67.9853125 0.383881457753201 7.53960826591403e-05 143905.50000000
16067047 67.9907291666667 0.385031381781691 7.84946090134489e-05 139587.29687500
16068001 68.0031018518518 0.378799659924694 1.95864486770064e-05 139146.90625000
16068003 68.0260185185185 0.37390319953199 1.89863003317185e-05 133495.34375000
16068004 68.0483333333333 0.370383842723139 2.11021379770189e-05 130510.54687500
16068005 68.0675115740741 0.366529259475907 1.88555948380562e-05 124932.37500000
16068006 68.0903125 0.363179498636631 1.94053308740142e-05 125384.99218750
16068007 68.1174537037037 0.359587781887741 1.98971841195678e-05 117641.62500000
16068008 68.1392939814815 0.357707381094631 1.96685054613351e-05 111990.05468750
16068009 68.1621643518518 0.354263650822124 1.96827513630607e-05 112112.38281250
16068010 68.1857638888889 0.352696499791649 3.03170928982522e-05 110057.26562500
16068012 68.246875 0.448334954480133 1.73656739467203e-05 210549.89062500
16068013 68.2663310185185 0.440747621850008 3.07639731899904e-05 177717.00000000
16068014 68.2734027777778 0.428175366886252 1.62458766247209e-05 178206.31250000
16068015 68.2975694444444 0.415711537213042 1.74300891274298e-05 165863.40625000
16068016 68.3195486111111 0.406607839672315 1.85704786830032e-05 158927.39062500
16068017 68.3428935185185 0.399894441973368 3.78707218591493e-05 148394.92187500
16068018 68.3486689814815 0.394755498372579 1.61309551885605e-05 149410.25000000
16068021 68.3798263888889 0.387302864874388 1.88061192165539e-05 142339.68750000
16068022 68.4118518518518 0.379904864982863 1.79479322580331e-05 133960.20312500
16068023 68.4384143518518 0.37633222645389 3.39882174074412e-05 130926.46093750
16068024 68.4461921296296 0.373776774906762 1.86386075161426e-05 127648.07031250
16068025 68.4699537037037 0.37019513377908 2.59438833572336e-05 125225.96875000
16068028 68.4859606481482 0.368867640598441 2.89501588202705e-05 122706.00000000
16068029 68.502349537037 0.364796118411516 1.88400721918583e-05 115048.25781250
16068030 68.5272569444444 0.361640532340687 2.01832535177824e-05 114497.78125000
16068032 68.5526736111111 0.359377452607095 1.95460701420848e-05 112736.25781250
16068034 68.5782291666667 0.356512741873754 2.10060335989138e-05 109482.32031250
16068035 68.599837962963 0.354573524453876 1.98615265953022e-05 106081.60156250
16068036 68.6297222222222 0.352127293325149 2.13440257619798e-05 100992.75000000
16068037 68.6513425925926 0.350060440067272 2.77759332710286e-05 98570.65625000
16068038 68.6691319444444 0.348403912568875 2.15838664853674e-05 97689.88281250
16068039 68.6912731481481 0.346982615903189 2.17228534185222e-05 97604.25781250
16068040 68.7132407407407 0.34555555707901 2.62783761117184e-05 94619.46093750
16068042 68.7340162037037 0.343510595627379 2.25690207503993e-05 91341.06250000
16068043 68.7550462962963 0.343653458838144 0.000107357326906129 93420.63281250
16068055 68.9483912037037 0.44417625273595 1.67601272431311e-05 203883.00000000
16068056 68.9699768518519 0.434964220349989 2.17550446306835e-05 165117.21875000
16068057 68.9841898148148 0.430156064461682 4.6221421523174e-05 153691.73437500
16068058 68.99125 0.422914775533139 1.8275828182816e-05 160909.10937500
16069001 69.0131597222222 0.413284216061045 1.80831000544911e-05 145520.21875000
16069002 69.0361342592593 0.406043562247135 1.89383477264028e-05 134168.15625000
16069003 69.0579282407407 0.398587849661806 2.2184411695748e-05 133629.92187500
16069004 69.0814699074074 0.394348514526979 5.76463064211222e-05 119696.72656250
16069005 69.0909143518519 0.409479761694071 3.91493437697827e-05 99084.42968750
16069006 69.0980208333333 0.406595103513788 2.25971922931578e-05 102142.63281250
16069007 69.1196875 0.400951864095579 2.29993084315275e-05 97824.45312500
16069008 69.1410763888889 0.39634651141225 2.23727109258101e-05 97604.25781250
16069009 69.1627430555556 0.39370065951188 2.272536314594e-05 97359.61718750
16069010 69.1842013888889 0.390560700473787 2.80149705879173e-05 94081.20312500
16069011 69.2037731481481 0.387138784846411 2.36262163215574e-05 87340.92187500
16069012 69.2254050925926 0.383732879517099 2.34906552787329e-05 87010.63281250
16069013 69.2470717592593 0.381548451757399 6.10900817703512e-05 85554.92968750
16069014 69.2531597222222 0.396710675587911 0.000378693949429728 82729.14062500
16069015 69.2615509259259 0.39688467385572 0.000378990364647844 82667.97656250
16069016 69.2623032407407 0.378224845614467 3.00752629823719e-05 82080.80468750
16069024 69.373912037037 0.434463210691365 2.79336089100701e-05 191650.18750000
16069025 69.3819328703704 0.426084176684817 1.64641713485245e-05 186328.93750000
16069026 69.4041435185185 0.41440857208034 1.75620231883314e-05 168334.45312500
16069027 69.4257523148148 0.40700858736076 1.80709372622741e-05 159000.78125000
16069028 69.4475 0.398895258543632 1.87988786855142e-05 144113.43750000
16069029 69.4692361111111 0.394341491186701 3.19520791215166e-05 132161.98437500
16069030 69.4827199074074 0.389924353809254 2.32443644949438e-05 130840.83593750
16069031 69.5024537037037 0.385911745837427 3.09690074310984e-05 124810.04687500
16069032 69.5130092592593 0.384525927407576 3.97624119781147e-05 120161.57812500
16069033 69.5209606481481 0.38279657850933 2.77487167049473e-05 120455.16406250
16069034 69.5343981481482 0.379943622189863 1.99861164956228e-05 116467.26562500
16069035 69.5563773148148 0.37577258581512 2.02991967048842e-05 117727.25000000
16069036 69.578599537037 0.372434919618933 1.86097161707362e-05 111219.38281250
16069037 69.6068518518519 0.371235611706468 7.42266736493291e-05 106986.82812500
16069038 69.6149305555556 0.36979628921821 6.14271235535818e-05 106228.39843750
16069039 69.6199652777778 0.368123017837473 2.23247969696234e-05 104442.40625000
16069040 69.640162037037 0.366733577943897 5.93697497462804e-05 106448.58593750
16069041 69.6436574074074 0.36480630772913 2.11487787970364e-05 104246.67968750
16069042 69.6658217592593 0.362806854734881 2.11440849390135e-05 98790.85156250
16069045 69.7399537037037 0.510441261998509 0.000738665703278375 233669.92187500
16069049 69.7549537037037 0.429283996484389 2.83965031132419e-05 200359.95312500
16069050 69.7623148148148 0.529623235949972 0.000840740357429155 192653.26562500
16069053 69.7671875 0.420530167591645 2.04564706000121e-05 189631.76562500
16069054 69.7823611111111 0.411787298026434 1.82305193454888e-05 167490.37500000
16069055 69.8032291666667 0.405914056176665 3.29073585628498e-05 151917.98437500
16069060 69.8327083333333 0.39116892079263 1.45960538267167e-05 140602.62500000
16069061 69.8701851851852 0.385401869011346 5.18244010987829e-05 132259.84375000
16069062 69.8764583333333 0.382509295907784 1.8636878081249e-05 130645.10937500
16069063 69.8999305555555 0.378976300010305 2.59973803166451e-05 124920.14062500
16069064 69.9148263888889 0.374952845918867 1.99046408785034e-05 122608.14062500
16069065 69.9369097222222 0.371563737946953 2.01719479594597e-05 122192.22656250
16069066 69.9580902777778 0.368675371507429 2.10163960146662e-05 116748.61718750
16069067 69.9803703703704 0.366130542954492 2.94169362469892e-05 114045.16406250
16070003 70.0367592592593 0.438905514749845 1.40941818558685e-05 224874.51562500
16070004 70.0633449074074 0.425351721710807 1.65719658740975e-05 189007.89062500
16070005 70.0850925925926 0.41553426870926 1.71248625295935e-05 171392.62500000
16070006 70.106724537037 0.407737527142456 1.73763799640475e-05 163955.07812500
16070008 70.1313657407407 0.399154279824279 1.64180005518065e-05 158266.82812500
16070009 70.1621064814815 0.391376680705958 1.67429462972076e-05 148590.65625000
16070010 70.1884490740741 0.386681725563706 1.84545669999544e-05 139660.70312500
16070011 70.2109606481481 0.392936180660388 0.000484571631237217 132932.65625000
16070012 70.2146759259259 0.382820071331072 1.91143123538004e-05 137152.96875000
16070013 70.2363888888889 0.38036281565186 1.94846275575699e-05 127427.87500000
16070014 70.258287037037 0.377019088091077 4.89322431960594e-05 122045.44531250
16070015 70.2639467592593 0.378100032203151 3.70370319667557e-05 118057.53125000
16070035 70.9882060185185 0.520144923554674 0.000835626161747875 187882.50000000
16070039 70.9987384259259 0.434702730317414 1.72160281029802e-05 180395.98437500
16071001 71.0191319444445 0.423254008298515 2.09616320046601e-05 165361.85937500
16071002 71.0339236111111 0.415431505452703 2.44044243135781e-05 157288.18750000
16071003 71.068287037037 0.403660394509684 5.51114111381526e-05 146070.68750000
16071004 71.0716087962963 0.429313025141072 0.000226448625095261 146449.92187500
16071005 71.0737037037037 0.406396495253773 0.000179931027738985 144284.70312500
16071006 71.0756944444444 0.40121112400786 2.7171506783702e-05 144101.20312500
16071007 71.0863194444444 0.396025257406165 1.97416173142464e-05 141556.78125000
16071010 71.1229166666667 0.389773658675219 3.48876509897282e-05 128443.20312500
16071014 71.1386342592593 0.475949104225193 0.000925212130991315 125238.19531250
16071016 71.1455671296296 0.383422252653582 2.16661478333361e-05 124259.56250000
16071018 71.1668981481481 0.381449161484663 3.68192055486246e-05 121372.62500000
16071020 71.1765277777778 0.377686708141397 0.000122156067249259 118999.46093750
16071021 71.1777893518518 0.378406540743853 2.01981803591105e-05 118828.20312500
16071022 71.2003240740741 0.375432518299525 2.08094285050797e-05 112381.51562500
16071023 71.2225462962963 0.373008478996259 3.10930826078061e-05 111537.43750000
16071024 71.2375231481482 0.371068900398184 2.18966076510581e-05 107255.95312500
16071025 71.2591782407407 0.368183895556529 2.21349016704997e-05 103745.13281250
16071026 71.2811226851852 0.365334885997673 2.3074172476349e-05 101274.10156250
16071027 71.3009259259259 0.36422127827637 2.6108609196603e-05 96662.33593750
16071042 71.5155787037037 0.422895746890356 1.50095300801179e-05 233694.35937500
16071043 71.5372106481481 0.417078365510624 4.14421822449949e-05 208641.57812500
16071044 71.5414930555556 0.413461429012743 2.44290688859312e-05 203907.46875000
16071045 71.550787037037 0.411219414718571 2.95430083856745e-05 195674.78125000
16071046 71.5577777777778 0.40855907737896 3.05703121755707e-05 190683.81250000
16071050 71.6122453703704 0.391268630723467 3.39222823812154e-05 137030.64062500
16071051 71.6193402777778 0.386846449895165 2.41567677132304e-05 138425.18750000
16071052 71.6387384259259 0.380963657831827 1.88734105166784e-05 128553.29687500
16071053 71.6634259259259 0.376829701177902 1.99946548075106e-05 124846.75781250
16071054 71.6854976851852 0.372584025881052 2.03245998649862e-05 119390.91406250
16071055 71.7071643518519 0.369686880489279 1.88393218312194e-05 115195.05468750
16071056 71.7329050925926 0.366824265608664 1.91677122724443e-05 115488.64062500
16071058 71.7631134259259 0.36413602108937 2.10616368207789e-05 109800.38281250
16071059 71.7852893518519 0.362644228683265 2.9842159555629e-05 105800.25000000
16071060 71.8067939814815 0.362248356433833 4.64221798085625e-05 102962.23437500
16071061 71.8167592592593 0.363281470226684 1.93816533244277e-05 97555.32812500
16071062 71.8456828703704 0.363818217763523 5.76824300245662e-05 91035.23437500
16071076 71.940474537037 0.438246941630058 3.54486100977601e-05 174866.75000000
16071077 71.9459375 0.429418860911134 1.84924302625957e-05 170621.96875000
16071078 71.9664236111111 0.420189129472116 1.83844728209672e-05 157092.46875000
16071079 71.9878472222222 0.411230980912026 1.79946709851503e-05 148566.18750000
16072001 72.0112615740741 0.40437419520847 1.89363421608816e-05 139648.46875000
16072002 72.032962962963 0.398277467784489 2.06102401864493e-05 132015.18750000
16072003 72.0580439814815 0.393628365313336 1.99696827084001e-05 127489.04687500
16072006 72.0842361111111 0.389566149542704 2.6252931220571e-05 117910.73437500
16072007 72.0978819444444 0.385084824905332 1.82115795343681e-05 117751.71875000
16072008 72.1255324074074 0.381061526580416 1.89895195520448e-05 113910.60937500
16072009 72.1514467592593 0.377404156181133 2.21506836215223e-05 110008.34375000
16072010 72.1761689814815 0.374963323158249 2.35739866198028e-05 107414.99218750
16072012 72.1984953703704 0.371598189827746 2.07735830641046e-05 104344.54687500
16072013 72.2226157407407 0.369617873679597 2.19360636816617e-05 103573.87500000
16072014 72.2442592592593 0.367410465158143 3.18377800464867e-05 96943.69531250
16072021 72.3665509259259 0.397385556058557 1.44890434151782e-05 242709.96875000
16072022 72.3900347222222 0.390612101422555 2.97443702073598e-05 189020.12500000
16072023 72.3971064814815 0.383962646775342 1.6936343432509e-05 179405.14062500
16072024 72.4189467592593 0.373782131700738 1.78759844704236e-05 160383.09375000
16072025 72.4406134259259 0.366344631973323 1.85036991435169e-05 146388.75000000
16072026 72.4623726851852 0.361043499249243 1.85714697793363e-05 143061.42187500
16072027 72.495162037037 0.355728107366283 4.29525889381246e-05 128076.21875000
16072033 72.5346064814815 0.347650129781161 2.1008453678178e-05 116834.25781250
16072034 72.5546643518519 0.344484075051369 2.07946709463578e-05 115464.17968750
16072035 72.5764467592593 0.341544718367371 2.13044931603768e-05 108980.77343750
16072036 72.5982407407407 0.339486446992686 2.70415426735222e-05 107549.55468750
16072038 72.6175694444444 0.337067727303442 2.04617643454443e-05 104528.03906250
16072039 72.6406481481481 0.334690234937359 2.1527040316644e-05 100075.28906250
16072040 72.6620023148148 0.332502764539325 1.95729667396702e-05 98937.63281250
16072041 72.6885185185185 0.330239324396007 2.15986270401469e-05 93310.53906250
16072042 72.7110416666667 0.329271853348944 2.19581312904481e-05 89934.28125000
16072043 72.7334027777778 0.328742661009235 4.99390151937446e-05 89224.78906250
16072046 72.778912037037 0.161049132901247 0.000128172626051293 15583.18554688
16072047 72.7818055555556 0.159293085507561 3.24793903469378e-05 15057.17285156
16072056 72.8738657407407 0.429363572056713 4.06453483570541e-05 252740.90625000
16072057 72.8804166666667 0.421230705906628 1.41554028816372e-05 246269.71875000
16072058 72.9048611111111 0.408786922069814 1.60090213813083e-05 214170.79687500
16072059 72.9256018518519 0.399266425186866 1.57891747345693e-05 203564.95312500
16072060 72.9476273148148 0.393722839898251 1.99492104723479e-05 195332.28125000
16072061 72.9620833333333 0.386554210657025 1.42192021732038e-05 187576.64062500
16072062 72.9953587962963 0.379550669293474 1.71926874603643e-05 178083.98437500
16073001 73.0159953703704 0.37566895660826 2.54687841929011e-05 167490.37500000
16073003 73.0279513888889 0.521085176513299 0.000894181091170037 163514.70312500
16073004 73.0294328703704 0.518534513077321 0.000885340268331394 165263.98437500
16073007 73.0367476851852 0.522454665957308 0.000889422563852453 166291.54687500
16073010 73.0430439814815 0.369611181882473 1.7650772833528e-05 166022.42187500
16073011 73.0634490740741 0.36618343975191 8.56095582254875e-05 161031.43750000
16073012 73.0663194444444 0.364772985161744 1.71991471178082e-05 155881.43750000
16073013 73.0884606481481 0.362127709007897 2.22381744634647e-05 154609.20312500
16073017 73.1074421296296 0.359792388372271 3.01703582328606e-05 152762.04687500
16073018 73.1199074074074 0.357927768563911 1.85412601275386e-05 147526.40625000
16073019 73.1414814814815 0.355342419923514 1.83978944722264e-05 145397.89062500
16073020 73.1632407407407 0.352500212827511 2.04283523532694e-05 140724.95312500
16073021 73.1809143518519 0.351475910886107 2.61296744668068e-05 142058.34375000
16073029 73.2650578703704 0.411343676459305 1.44710878002296e-05 247138.25000000
16073030 73.2868981481482 0.400117993406141 1.44625159093075e-05 223431.07812500
16073031 73.3103703703704 0.391288532946025 1.54111344536746e-05 212030.06250000
16073032 73.3321180555556 0.385101842251191 2.13654161430317e-05 202549.62500000
16073033 73.3457175925926 0.380153816029306 1.58258343939833e-05 193228.21875000
16073034 73.367650462963 0.377837463291375 4.46839033404224e-05 191748.03125000
16073035 73.3754166666667 0.374069608682867 2.35260583165294e-05 181668.20312500
16073037 73.3894097222222 0.369910748284624 1.5974875109765e-05 184530.68750000
16073038 73.413275462963 0.365045738270933 1.67946980552388e-05 174316.28125000
16073039 73.4350347222222 0.362127230547392 2.56412460073966e-05 171013.40625000
16073040 73.4460648148148 0.360284685087698 4.70304130307959e-05 166120.29687500
16073045 73.4592824074074 0.356800556086482 1.7046988392903e-05 163159.93750000
16073046 73.4810416666667 0.354787871472476 2.08920878709689e-05 160407.54687500
16073047 73.5001157407408 0.352774531538508 1.76018214538419e-05 152835.45312500
16073048 73.5217476851852 0.350562251527014 1.82508552276309e-05 146193.01562500
16073049 73.5427777777778 0.348607662165024 2.17195534255529e-05 142682.20312500
16073050 73.5614583333333 0.348207252818429 2.8015387631281e-05 143024.71875000
16077019 77.3125810185185 0.456564153859072 2.92425271876359e-05 140480.29687500
16077020 77.3284722222222 0.441681665859916 3.54848435528314e-05 131097.73437500
16077021 77.3367476851852 0.436371275089571 5.1031252515027e-05 126816.23437500
16077027 77.4984722222222 0.422969554171957 1.98278883364446e-05 218268.81250000
16077028 77.5122916666667 0.416030950006421 2.71072737461953e-05 200518.96875000
16077029 77.5204050925926 0.413174668763084 3.42696296421416e-05 192127.26562500
16077030 77.5309490740741 0.405347136495962 1.69245284718032e-05 187234.12500000
16077031 77.5531597222222 0.395272427620844 1.78662024666558e-05 165202.82812500
16077032 77.5753125 0.38844570842053 1.78195545959097e-05 154168.81250000
16077033 77.5981481481481 0.383459307819206 2.06892792184811e-05 149043.26562500
16077034 77.6201388888889 0.377467299418938 1.79306884403016e-05 143538.50000000
16077036 77.665625 0.37003756399729 3.79574637491763e-05 133042.75000000
16077037 77.6726273148148 0.369714352468284 3.78806322502001e-05 133128.35937500
16077038 77.6788310185185 0.366999525143773 1.93044895983081e-05 132394.40625000
16077039 77.7011226851852 0.365053039598864 1.95693468021286e-05 128382.03125000
16077040 77.7228472222222 0.360805718439251 1.91534039859406e-05 125592.95312500
16077041 77.7502777777778 0.35739494090133 2.12186345883561e-05 118681.41406250
16077043 77.7760185185185 0.354911207993028 2.42745056650105e-05 115684.36718750
16077044 77.7921064814815 0.355249637606765 2.0679393387701e-05 113457.99218750
16077045 77.814537037037 0.353749272941978 2.2148821179249e-05 108026.63281250
16077046 77.8343518518518 0.35145248740659 1.89729087526247e-05 104919.48437500
16077047 77.8620717592593 0.34967355366942 2.22518384002603e-05 101445.35156250
16077054 77.9684953703704 0.416737442525127 1.31036429252026e-05 251615.48437500
16077055 77.9963657407407 0.404085846166818 2.09644096502825e-05 218770.34375000
16078001 78.0084143518519 0.395464256114359 1.50104045876972e-05 208861.76562500
16078002 78.0325231481481 0.387179313230577 1.61250421427138e-05 189240.31250000
16078003 78.0543634259259 0.382494283341142 2.514746123827e-05 184555.14062500
16078004 78.0697453703704 0.376550269073888 1.60957539513183e-05 178365.34375000
16078005 78.0961805555556 0.370608250675897 1.69077742877409e-05 169790.12500000
16078006 78.1180787037037 0.366921707545061 1.74007969200432e-05 163000.92187500
16078007 78.140150462963 0.363809968393808 1.68909626739885e-05 157153.62500000
16078008 78.1641666666667 0.360977698067134 2.64482533314615e-05 148052.40625000
16078009 78.1745601851852 0.358956998821199 1.79595856866038e-05 145251.09375000
16078010 78.1967824074074 0.356350971826393 1.71771003448977e-05 141336.59375000
16078011 78.2253356481481 0.353199059109592 1.8636124130658e-05 133519.82812500
16078012 78.2473958333333 0.351144557678779 1.8285025195964e-05 130901.99218750
16078013 78.27125 0.348926806750789 1.66217457456959e-05 126167.89062500
16078014 78.3001967592593 0.346657350817095 2.58763750280748e-05 125544.02343750
16078024 78.4903009259259 0.431683171601194 3.75178506121194e-05 276607.12500000
16078025 78.4957407407407 0.428618552131035 3.88570369629022e-05 260410.87500000
16078027 78.5023611111111 0.422310814730556 1.69429954303953e-05 259040.79687500
16078028 78.5210532407407 0.411872950056172 1.504700545993e-05 234269.34375000
16078029 78.5432175925926 0.400538104888677 1.33247914839017e-05 224483.07812500
16078030 78.5721296296296 0.394137357593026 2.19420728342085e-05 207528.39062500
16078031 78.5840856481481 0.387018419207361 1.38152964091498e-05 206366.26562500
16078032 78.6130208333333 0.38274832281088 4.70959460222953e-05 192298.51562500
16078033 78.6198148148148 0.378422899661718 1.63824925318172e-05 189803.03125000
16078034 78.6427546296296 0.373603906730141 1.63748608833948e-05 182671.29687500
16078035 78.6648148148148 0.369526596202384 1.63947889421981e-05 178438.73437500
16078036 78.6878009259259 0.365557675031936 1.68441195971257e-05 174646.56250000
16078037 78.7097685185185 0.36259786029118 1.67831532167747e-05 169912.46875000
16078038 78.7319675925926 0.360289988063745 2.49265988354e-05 168322.20312500
16078039 78.7490162037037 0.357364437697731 1.74887610840376e-05 159624.67187500
16078040 78.7704861111111 0.354809126098677 1.69574447135561e-05 153924.15625000
16078041 78.7941550925926 0.352241213657906 1.76460193614168e-05 153630.57812500
16078042 78.8160300925926 0.349881797198255 1.73689139500695e-05 150229.84375000
16078055 78.9542592592593 0.437030066364478 1.40042730371436e-05 269524.31250000
16078056 78.9807175925926 0.418777624748883 1.50474121186161e-05 236385.60937500
16079001 79.0039814814815 0.405910796869409 1.53925136959579e-05 215651.00000000
16079002 79.0265625 0.398409987878951 2.01107071263159e-05 202317.20312500
16079010 79.161099537037 0.423243166928543 2.44657462404136e-05 234538.45312500
16079011 79.1699768518518 0.414144129679965 1.93135150211876e-05 215516.40625000
16079013 79.1864236111111 0.40316640506696 1.5862265853625e-05 210488.73437500
16079014 79.2081828703704 0.394250312260686 1.59311535690698e-05 198806.39062500
16079015 79.2302314814815 0.384408258170413 1.62916967736847e-05 186169.87500000
16079016 79.252650462963 0.377980164212164 1.60994052111169e-05 179796.57812500
16079017 79.277025462963 0.368972746776424 1.27172423031787e-05 173093.00000000
16079018 79.321724537037 0.35951325239791 1.42612937974893e-05 154523.56250000
16079019 79.3553935185185 0.355562904949526 1.50406850245056e-05 148823.07812500
16079020 79.3863310185185 0.355761351625236 3.03962428192152e-05 155367.64062500
16079021 79.3991435185185 0.354724929943646 3.90498218969175e-05 152566.31250000
16079022 79.4054166666667 0.352221775756919 1.48688966060698e-05 146511.07812500
16079023 79.4372916666667 0.348107051961605 1.51247985858178e-05 141226.50000000
16079024 79.4704976851852 0.345936366803862 2.53665146576333e-05 139660.70312500
16079026 79.4848263888889 0.34188976822245 0.000109453865101055 136614.71875000
16079027 79.486099537037 0.344086025287239 2.33359702166789e-05 132528.96875000
16079028 79.5062847222222 0.342701264503628 3.91337110952279e-05 130926.46093750
16079029 79.5121180555555 0.340902069390862 3.61708533474576e-05 131268.98437500
16079030 79.5227083333333 0.339624825406474 3.81137731515423e-05 127892.71875000
16079031 79.5289814814815 0.339377301689032 1.67038617315575e-05 127011.95312500
16079032 79.5596296296296 0.336836479780398 1.57301675085647e-05 123109.67968750
16079033 79.5934375 0.335156076080207 2.38214683827512e-05 119207.42187500
16079034 79.6127430555556 0.334134167291449 1.79877141899473e-05 120039.25000000
16079035 79.6401851851852 0.333066310620974 3.8023486224548e-05 113213.33593750
16079036 79.6483912037037 0.331977984773722 2.04321283709978e-05 115036.03125000
16079037 79.6700578703704 0.336011567957571 0.000132135698240814 112980.91406250
16079045 79.7554861111111 0.442469251781413 2.34563136264178e-05 230990.93750000
16079046 79.7661689814815 0.434136883865655 1.98686341909169e-05 217351.34375000
16079047 79.78125 0.422734992765238 1.64448683500204e-05 206562.00000000
16079048 79.8030324074074 0.411913312996639 1.76691624623107e-05 190940.67187500
16079049 79.824212962963 0.405658485747385 4.14627023537607e-05 180029.00000000
16079051 79.8349768518518 0.406542379387386 9.33991047284352e-05 178463.23437500
16079052 79.8369328703704 0.398796981187286 1.69866934434842e-05 175221.50000000
16079054 79.8617013888889 0.391665014315138 1.79791322890826e-05 168701.40625000
16079057 79.8938773148148 0.385578970170904 4.11771595487903e-05 158462.53125000
16079058 79.8996875 0.384268867700373 5.16379650395241e-05 157863.12500000
16079059 79.9031944444445 0.381264766748222 1.73917571531738e-05 156089.37500000
16079060 79.9286226851852 0.375865184382463 1.77367885546021e-05 151746.71875000
16079061 79.9519097222222 0.37263674077458 1.87846881792356e-05 146254.18750000
16079062 79.9733101851852 0.369568211619649 2.05810197440359e-05 144174.60937500
16079063 79.9921759259259 0.367351846461129 2.44852358895685e-05 138119.35937500
16080001 80.0058680555556 0.365330304830373 4.38886180062904e-05 137838.00000000
16080002 80.010787037037 0.364605695313079 2.58654423910779e-05 135905.21875000
16080003 80.0231365740741 0.362910298934341 2.51370692612702e-05 133996.90625000
16080004 80.0362152777778 0.360551632043241 1.91626126016937e-05 132382.17187500
16080005 80.0584953703704 0.358968249055691 2.22112165240793e-05 126559.33593750
16080006 80.075787037037 0.357906138240164 3.05935597193426e-05 126804.00781250
16080012 80.133275462963 0.439304907231346 2.86892170620416e-05 226684.98437500
16080013 80.1399768518519 0.429081581228124 1.80323973568215e-05 220984.48437500
16080014 80.1565972222222 0.416401374872287 1.59934155164593e-05 205742.39062500
16080015 80.1792824074074 0.404873737189343 1.67382947609197e-05 189044.59375000
16080016 80.2011226851852 0.397718510190542 2.00176565151155e-05 179967.84375000
16080020 80.3021180555556 0.425701045399551 1.26367947824188e-05 261842.10937500
16080021 80.3320486111111 0.407707490379614 1.28444133129996e-05 233339.62500000
16080022 80.3640509259259 0.396868377720022 1.70967176687525e-05 208091.09375000
16080023 80.3832407407407 0.389553040512319 1.53449216627812e-05 201142.85937500
16080024 80.4079976851852 0.383088129564444 1.48921086806274e-05 192653.26562500
16080025 80.434375 0.378814462072619 3.22779384459846e-05 184787.59375000
16080026 80.4452083333333 0.374305620495916 1.62129530980398e-05 177765.92187500
16080027 80.4693981481481 0.36910719820984 1.71150009332809e-05 167478.12500000
16080028 80.4922337962963 0.365205721884661 1.69727920485798e-05 161214.92187500
16080029 80.5165509259259 0.360942169800706 1.65525704281726e-05 159844.84375000
16080030 80.541412037037 0.358777364561247 3.56947340389568e-05 152064.76562500
16080031 80.5501157407407 0.356924809700784 1.71064238496493e-05 153569.40625000
16080032 80.5747800925926 0.35391388169292 1.64121087930456e-05 147196.10937500
16080033 80.6019444444444 0.350791634780229 1.67089076770288e-05 144957.51562500
16080043 80.7475694444444 0.429938041802365 2.10964814805792e-05 260508.71875000
16080044 80.7587152777778 0.421219046401882 1.71961443060519e-05 245266.62500000
16080045 80.775474537037 0.409998646314584 1.59494700697196e-05 234024.65625000
16080046 80.7978935185185 0.399656649007674 1.59727332811473e-05 215283.98437500
16080047 80.8195138888889 0.390886171287803 1.6182163037778e-05 202280.51562500
16080048 80.8414467592593 0.384509686503048 1.63063297997839e-05 197020.39062500
16080049 80.8633564814815 0.379479422549343 1.98060393155182e-05 186867.17187500
16080050 80.8837152777778 0.374114327153648 1.57430736410487e-05 175747.51562500
16080051 80.9089814814815 0.368394019219859 1.5545805735869e-05 172677.07812500
16080052 80.9353356481482 0.364410979248419 1.66621124293982e-05 168713.64062500
16080053 80.9591203703704 0.360674430066157 1.7458345989253e-05 161838.82812500
16080054 80.9812847222222 0.35832638122078 2.32186738424307e-05 153434.84375000
16080055 80.9988657407407 0.35536970406969 1.78673281389195e-05 149471.42187500
16081001 81.0212731481482 0.352528987793387 1.75247011800172e-05 145715.93750000
16081002 81.0451041666667 0.3501630938441 1.98070932540731e-05 140162.23437500
16081003 81.0643171296296 0.3486794263201 2.28015418961515e-05 139990.98437500
16081012 81.1566666666667 0.418690999895895 1.56761887488509e-05 237792.39062500
16081013 81.177337962963 0.409507326677453 1.84966129646177e-05 217155.60937500
16081015 81.1964583333333 0.399429227253364 1.5694765572901e-05 207467.21875000
16081016 81.2190740740741 0.391621186016313 1.6139152368157e-05 192286.28125000
16081017 81.241875 0.386058429340631 1.69799165048986e-05 179710.93750000
16081018 81.2650694444444 0.381939904981769 2.26591108374078e-05 169826.85937500
16081019 81.2797569444445 0.379043696886949 1.87900961216555e-05 157826.43750000
16081020 81.3002777777778 0.375715505229836 1.89227224389501e-05 151832.35937500
16081021 81.3213194444444 0.372911064901511 2.51643700698953e-05 144199.09375000
16081022 81.3349537037037 0.370203465742879 1.74314627292901e-05 138841.10937500
16081023 81.3618171296296 0.367584732149824 3.00753793833576e-05 132651.28125000
16081024 81.3775694444444 0.366834630362687 3.99595838568058e-05 126742.83593750
16081025 81.3835185185185 0.365633867221455 2.96938568515492e-05 126889.62500000
16081036 81.4623148148148 0.423453940654397 1.41306900549172e-05 266796.40625000
16081037 81.4871296296296 0.412614377902592 2.27045373254506e-05 237180.75000000
16081048 81.7198958333333 0.419923705597656 2.08246804159365e-05 238514.10937500
16081049 81.7318287037037 0.409540549488018 1.55465118558515e-05 229841.04687500
16081050 81.7538078703704 0.398440062525778 1.52104597321523e-05 216250.37500000
16081051 81.7770949074074 0.395198293711874 0.000125533806803361 199809.46875000
16081052 81.7804513888889 0.387793271504536 1.62014677866639e-05 200775.87500000
16081053 81.8018865740741 0.381608902713526 1.63550481536625e-05 189142.45312500
16081054 81.8239699074074 0.376386059739519 2.16277638972948e-05 184616.31250000
16081055 81.8399884259259 0.372289162786317 1.67139853306556e-05 174658.79687500
16081056 81.8627430555556 0.36799346215897 1.71964335884604e-05 166046.89062500
16081057 81.8848726851852 0.363489872758764 1.64717864117486e-05 162536.07812500
16081058 81.909375 0.359347145995821 1.56954158312445e-05 158254.59375000
16081059 81.9372337962963 0.355694248305155 1.75636013446204e-05 149716.07812500
16081060 81.963912037037 0.353148013858277 1.80010345608562e-05 144321.40625000
16081061 81.9871643518518 0.351254529251229 1.8596732370597e-05 141813.67187500
16082001 82.0090625 0.348344633755201 1.82804613755503e-05 136382.29687500
16082002 82.0324189814815 0.346437657084741 2.71900808582749e-05 133128.35937500
16082011 82.1034606481482 0.425820139467799 1.84020152114095e-05 266955.43750000
16082012 82.1198032407407 0.413200449491527 1.29105815680448e-05 240838.34375000
16082013 82.1485069444444 0.400327556111848 1.42901097420276e-05 228006.12500000
16082014 82.172962962963 0.366164509952051 0.0002834585197638 211552.98437500
16082017 82.1808449074074 0.391417538639537 4.70058253347867e-05 207870.90625000
16082018 82.1838541666667 0.38797026161697 1.55686971058995e-05 208714.96875000
16082019 82.2064699074074 0.380996527318799 1.60417234365098e-05 198182.50000000
16082022 82.2534953703704 0.37074854848683 1.65189555934535e-05 183209.54687500
16082023 82.276400462963 0.365460060519419 1.46463160348645e-05 171588.35937500
16082024 82.3076041666667 0.361889734069902 1.94308113017729e-05 162511.60937500
16082025 82.3281365740741 0.357494069207399 1.57870365888253e-05 161899.98437500
16082026 82.359849537037 0.353620545675385 1.64053145922514e-05 153483.78125000
16082027 82.3911689814815 0.356582426765214 2.32030781524588e-05 140565.93750000
16082028 82.4057638888889 0.353601989773385 1.91054031532045e-05 136174.34375000
16082029 82.4275115740741 0.351840918206673 3.54132935254588e-05 135550.46875000
16082039 82.621412037037 0.428907814498598 1.65135656927866e-05 251260.71875000
16082040 82.6397106481482 0.416777292529665 1.59792952770459e-05 223431.07812500
16082041 82.6611111111111 0.4064703999081 1.61440098238061e-05 211051.42187500
16082042 82.6828356481482 0.397811481731115 1.65677343845064e-05 198206.96875000
16082043 82.7045717592593 0.393811010833218 3.35224880357089e-05 189289.25000000
16082044 82.71125 0.391123532124373 2.55342887157687e-05 187405.42187500
16082045 82.7234606481482 0.387930076767329 3.24107778185339e-05 183833.43750000
16082046 82.7298032407407 0.385049765755366 1.88377502471421e-05 179295.03125000
16082047 82.749375 0.380040892361881 1.73406194035513e-05 169863.53125000
16082048 82.7712152777778 0.375725870450427 1.79905113751037e-05 167049.98437500
16082049 82.7919907407407 0.371886608867739 1.77320361735842e-05 164346.54687500
16082050 82.8135185185185 0.368017081247875 1.79768641275193e-05 154523.56250000
16082051 82.8350231481482 0.365350919537843 1.82496553888235e-05 152492.92187500
16082052 82.8565162037037 0.362816091398462 2.15902151109604e-05 145459.06250000
16082053 82.8749189814815 0.360170781585848 1.86870409436868e-05 143526.26562500
16082054 82.8966087962963 0.35744385614491 2.01104052111655e-05 137532.18750000
16082055 82.9166435185185 0.355858090254216 1.89972146673381e-05 134535.14062500
16082056 82.9383796296296 0.353679144665509 1.92569534862211e-05 134327.18750000
16082057 82.9598032407407 0.350932855222319 2.35827557789027e-05 127415.64062500
16083003 83.0430208333333 0.426530236416864 5.485187217979e-05 249413.56250000
16083004 83.0469328703704 0.421910779855923 1.55425893405366e-05 250954.90625000
16083005 83.0689467592593 0.411640762727006 1.80241946563312e-05 231786.06250000
16083006 83.0842939814815 0.403174430511511 1.5672428331623e-05 226746.14062500
16083007 83.1060069444444 0.394710903331396 1.55266980945509e-05 212250.26562500
16083008 83.1292476851852 0.387959506681388 1.61671894867252e-05 202207.10937500
16083009 83.1507291666667 0.383349838487225 2.10409245802661e-05 193839.89062500
16083010 83.1695949074074 0.37910323179029 1.67995826195906e-05 186977.23437500
16083011 83.1912731481481 0.374826136088969 1.69462111572347e-05 176995.26562500
16083012 83.2131481481482 0.370944385549405 1.70878272009113e-05 173863.67187500
16083013 83.2354166666667 0.367411694760916 1.75568358210134e-05 162866.35937500
16083014 83.2569675925926 0.363750842978626 1.69643626396394e-05 159061.95312500
16083015 83.2808564814815 0.361770646508328 3.03404413335422e-05 159184.28125000
16083016 83.2913194444444 0.359556396301892 1.74354406515511e-05 157704.10937500
16083017 83.3146527777778 0.357006459698426 2.82225982323827e-05 149544.81250000
16083018 83.3250347222222 0.356238599459955 1.85498552619508e-05 151514.29687500
16083019 83.3465972222222 0.35466735490362 5.12842851366729e-05 144223.53125000
16083041 83.4663194444444 0.417132637966003 1.60118987019564e-05 282735.75000000
16083042 83.4889236111111 0.409075327276644 1.52817147793556e-05 252239.32812500
16083043 83.5106365740741 0.401870071520068 1.82871199079728e-05 232960.42187500
16083044 83.5258217592593 0.397119938972924 3.7289793314147e-05 224739.96875000
16083045 83.5339467592593 0.39391356121464 2.00769526171283e-05 223920.35937500
16083046 83.5475115740741 0.38840792528178 1.55330354220987e-05 218024.14062500
16083048 83.5760416666667 0.383375687732107 3.25733450927496e-05 203858.53125000
16083049 83.5851273148148 0.380030161558633 2.48761224392004e-05 197668.73437500
16083050 83.5954050925926 0.3777901111504 2.14811747007826e-05 194794.04687500
16083052 83.6120717592593 0.373339501166878 1.65464024016533e-05 189338.18750000
16083053 83.6337615740741 0.368973418768935 1.64816264453692e-05 184188.18750000
16083054 83.655474537037 0.366495647372002 2.36156066994917e-05 180077.95312500
16083055 83.6730439814815 0.373562603668647 1.66305562506782e-05 158352.45312500
16083056 83.6976736111111 0.370956316067756 3.15571143077643e-05 156896.75000000
16083057 83.7101851851852 0.368754700688858 1.81452924782953e-05 149826.17187500
16083058 83.731875 0.365437811862538 1.81193132796963e-05 151563.23437500
16083059 83.754224537037 0.362494814091317 1.84652975360918e-05 149079.96875000
16083060 83.7759837962963 0.360886559383671 2.08551868002887e-05 144761.78125000
16084003 84.0044212962963 0.384489173801889 0.00010102967119245 212299.17187500
16084004 84.0061689814815 0.376486606953861 1.50718041523162e-05 208507.00000000
16084005 84.0299884259259 0.374530105083406 0.000101710865286763 197203.89062500
16084006 84.0311574074074 0.37010919639104 1.67962305800837e-05 198341.54687500
16084007 84.0559375 0.365223735202439 1.63121460585255e-05 190781.65625000
16084008 84.0781944444444 0.361267110778216 1.59566888026957e-05 179894.46875000
16084009 84.102037037037 0.357259064961496 1.6977641643795e-05 175038.01562500
16084010 84.1238541666667 0.354602807344142 2.12997957558144e-05 168273.25000000
16084011 84.1412037037037 0.352739525980764 2.4083026672591e-05 165300.70312500
16084012 84.1525 0.350694137434906 1.79067641888272e-05 162658.40625000
16084013 84.1769097222222 0.347984284490818 1.77373091028713e-05 158927.39062500
16084014 84.1984722222222 0.345626908824789 1.57949393762374e-05 154804.92187500
16084015 84.2259490740741 0.342747308842592 1.74588979052335e-05 151587.68750000
16084016 84.2488657407407 0.339366654568308 0.000115916458769806 145226.62500000
16084017 84.2500694444444 0.332041050497286 0.000268317286079959 146144.09375000
16084018 84.2529282407407 0.340677111418986 1.98026121770258e-05 145838.26562500
16085005 85.0508449074074 0.428438070492988 3.51614086079843e-05 293635.18750000
16085006 85.0545023148148 0.420266585924532 1.39851587933456e-05 282540.03125000
16085007 85.0761921296296 0.414074403848251 4.79681032428042e-05 256838.87500000
16085008 85.0851388888889 0.407931402388893 3.44860319220945e-05 241572.32812500
16085009 85.0900578703704 0.40109481503196 1.39986390407314e-05 240214.48437500
16085011 85.1213888888889 0.390678844618295 1.79888095867735e-05 221938.65625000
16085012 85.1419907407407 0.385195045447875 2.23837830069041e-05 213192.17187500
16085013 85.1530671296296 0.381399067181934 1.86855320134038e-05 208519.25000000
16085014 85.1725 0.37714406601585 2.41445819946973e-05 198121.34375000
16085023 85.2619907407407 0.408836705659757 1.37527997616563e-05 273145.25000000
16085024 85.2845023148148 0.400279005735708 1.49749125991395e-05 240446.90625000
16085025 85.3102893518518 0.392355912817074 1.55523401562886e-05 219981.39062500
16085026 85.3322453703704 0.385449013888211 1.57693725885048e-05 208861.76562500
16085027 85.354375 0.380613614400028 1.84660991085543e-05 200408.87500000
16085028 85.3742476851852 0.375226609049798 1.60865714537302e-05 190647.09375000
16085029 85.3967592592593 0.370919568292183 1.66256537771897e-05 180359.29687500
16085030 85.4189351851852 0.367442120940798 2.16610203379808e-05 174181.73437500
16085031 85.4328587962963 0.365336298320728 1.71680359393435e-05 174499.76562500
16085032 85.4546759259259 0.362206932225823 1.71425522671105e-05 169582.17187500
16085033 85.4768981481482 0.359562230874867 1.97394411375814e-05 160982.50000000
16085034 85.4939699074074 0.358985709694035 7.84366467762571e-05 157973.23437500
16085035 85.4992592592593 0.356527575343996 1.7755471006436e-05 155538.89062500
16085036 85.5209259259259 0.353851257076675 1.51714346702789e-05 153826.29687500
16085037 85.553900462963 0.350695274259165 1.84642616236918e-05 147501.93750000
16085051 85.6834259259259 0.424048207637281 1.35565699848029e-05 255481.03125000
16085052 85.7092013888889 0.415871014749192 4.72912746580485e-05 221437.09375000
16085053 85.7120833333333 0.415600759126834 6.23065541782195e-05 222207.76562500
16085054 85.7141319444444 0.408377732291451 1.54785934207951e-05 224788.89062500
16085055 85.7362962962963 0.399972374808678 1.77066606146694e-05 212005.59375000
16085056 85.7546180555556 0.393293288566856 1.63553563856792e-05 199112.20312500
16085057 85.7764351851852 0.3866861526775 1.64123577006912e-05 194989.75000000
16085058 85.8017592592593 0.381721338870147 2.49822576346017e-05 185778.43750000
16085061 85.8581134259259 0.43047847776048 1.34006558644734e-05 274185.03125000
16085062 85.8828125 0.417241602678033 1.50870666718996e-05 240789.42187500
16085065 85.9095023148148 0.408007854375265 2.34237294193542e-05 215369.62500000
16085067 85.9207523148148 0.403823912945151 4.38974656127448e-05 209338.84375000
16085069 85.9256018518519 0.402153951027476 4.43920673612686e-05 205302.01562500
16085070 85.9292939814815 0.400099747887008 2.94277349873915e-05 204103.18750000
16085071 85.9443402777778 0.395501343675172 4.18539074795404e-05 201411.96875000
16085072 85.9482175925926 0.391611971141197 1.53581171430622e-05 198280.37500000
16085073 85.9722685185185 0.387150157771901 2.39183329790832e-05 188677.60937500
16085074 85.9876736111111 0.381318479694781 1.65700091536768e-05 183050.50000000
16086001 86.0101157407407 0.376479598007949 1.66334589361386e-05 175025.78125000
16086002 86.0327314814815 0.372520754646702 1.71768458141878e-05 171184.68750000
16086003 86.0542939814815 0.368806338107656 1.72433585734726e-05 164432.15625000
16086004 86.0763773148148 0.365319507397906 1.71726471282058e-05 160639.98437500
16086005 86.0994560185185 0.362935734018962 2.88042239463365e-05 156566.45312500
16086006 86.1127546296296 0.36092125517013 1.81425157809999e-05 151086.15625000
16086007 86.1345601851852 0.358186246573914 1.86128271418051e-05 149765.00000000
16086008 86.15625 0.356275408286511 2.10351759298876e-05 145397.89062500
16086009 86.1796759259259 0.676026125632195 0.0012474694030247 140088.85937500
16086010 86.1805671296296 0.515982142362624 0.000950591407157201 140578.15625000
16086024 86.23875 0.419392988139648 1.36614194588591e-05 287983.65625000
16086025 86.2619328703704 0.40604964958534 1.32189982641694e-05 253132.32812500
16086026 86.2880671296296 0.395240516680222 1.491376120258e-05 225571.79687500
16086027 86.3108101851852 0.387715334847651 1.54536298343939e-05 217265.70312500
16086028 86.3333796296296 0.381271955034718 1.58816490765743e-05 207320.42187500
16086029 86.3596180555556 0.378655084434612 7.70547199450966e-05 192371.92187500
16086030 86.3613541666667 0.37425572438885 1.58212355087333e-05 195943.90625000
16086031 86.384375 0.369747204759589 1.62453053564266e-05 190035.45312500
16086032 86.4063888888889 0.365471878233883 1.63354040616224e-05 180665.10937500
16086033 86.428900462963 0.361424624534558 1.66462148416542e-05 175417.21875000
16086034 86.4521643518519 0.358383137104428 1.77758407682293e-05 169790.12500000
16086035 86.4721412037037 0.356103826080386 2.41970744670494e-05 163490.23437500
16086036 86.4859375 0.353849080444099 1.76903985809651e-05 164248.67187500
16086037 86.5077546296296 0.351619692923336 2.12066233990472e-05 153006.70312500
16086038 86.5235532407407 0.350168992000791 2.20495241658074e-05 152884.37500000
16086039 86.5380208333333 0.348021989099577 1.7974157913828e-05 148945.40625000
16086040 86.5599537037037 0.346031226420816 1.71360290217201e-05 146841.35937500
16086041 86.5840509259259 0.343552477008154 1.72480432272979e-05 144125.67187500
16086042 86.6088425925926 0.341567818142424 2.7319041884285e-05 142951.32812500
16086050 86.9105208333333 0.43942693485826 1.6704235791882e-05 232189.75000000
16086051 86.9321296296296 0.42411295708002 1.7075889203747e-05 197338.45312500
16086052 86.9535995370371 0.413778551031489 2.34886997488529e-05 188163.82812500
16086053 86.9650694444444 0.406325035158026 1.69551227980921e-05 183515.35937500
16086054 86.9868055555556 0.397895862066606 1.69439453915251e-05 174206.18750000
16087001 87.009212962963 0.390906976494102 1.58013201968107e-05 172811.64062500
16087002 87.0399768518518 0.383863552095209 1.79079411329245e-05 162413.75000000
16087003 87.0614814814815 0.380056090536381 2.4598723778337e-05 159954.93750000
16087004 87.0741666666667 0.376874426541625 1.81979293026444e-05 153948.62500000
16087005 87.0957407407407 0.372439389551228 1.82967617425785e-05 150914.89062500
16087006 87.1181365740741 0.368654262530408 1.87046642938641e-05 147648.73437500
16087007 87.1391898148148 0.366262806579151 2.13599191862318e-05 145459.06250000
16087008 87.1603356481481 0.362707453094999 1.86719585949212e-05 139244.78125000
16087009 87.182974537037 0.35998287920662 1.85633694141537e-05 135134.56250000
16087010 87.2063194444444 0.358286199073027 2.06366014442288e-05 132394.40625000
16087011 87.2252546296296 0.356530907721265 2.99455377028029e-05 131428.01562500
16087018 87.2917939814815 0.426432085194208 5.40760337207215e-05 283127.21875000
16087019 87.2953935185185 0.420743903957727 1.45624430996333e-05 271077.90625000
16087020 87.3177314814815 0.411176284949838 2.28615216577679e-05 228923.57812500
16087021 87.3277314814815 0.404608947632654 1.54739704239282e-05 223908.14062500
16087022 87.3495833333333 0.395037657575199 1.58893547387815e-05 210782.31250000
16087023 87.3713425925926 0.388637711958361 1.6290419052299e-05 196359.81250000
16087024 87.3930092592593 0.383291535498223 1.88394212921697e-05 185925.21875000
16087025 87.4127430555556 0.378935603875473 1.68820874197014e-05 181496.93750000
16087026 87.4343402777778 0.375081769441317 1.7271741194821e-05 170952.25000000
16087027 87.4560185185185 0.371557538508732 1.73292151558958e-05 168163.17187500
16087028 87.4784375 0.36839168793626 1.91517317917777e-05 158976.31250000
16087029 87.4975694444444 0.364960169347477 1.79538223555168e-05 159710.28125000
16087030 87.5192708333333 0.362832127962213 1.86141729833231e-05 153703.96875000
16087031 87.5422685185185 0.359936493465379 1.84592367051782e-05 146156.32812500
16087032 87.5639351851852 0.357608059408799 1.74492758382787e-05 138571.96875000
16087033 87.5894212962963 0.354931360839104 1.63165108040785e-05 137678.98437500
16087041 87.6864467592593 0.420644141991175 1.49436694593047e-05 276252.37500000
16087042 87.7082986111111 0.405316780052046 1.5206211798765e-05 234379.42187500
16087043 87.7299537037037 0.395023733352899 1.56976088120271e-05 215002.64062500
16087044 87.7521527777778 0.388011901147258 2.07685988089466e-05 201522.06250000
16087045 87.7679282407407 0.3814041018527 1.60200747090383e-05 196641.20312500
16087046 87.7913194444445 0.375425316771455 1.56108824329535e-05 187943.64062500
16087047 87.8156828703704 0.371725352810007 3.18575715799779e-05 172456.89062500
16087048 87.8261342592593 0.367273451512728 1.72461947859514e-05 168199.87500000
16087049 87.847662037037 0.362752588646856 1.73075358304694e-05 166034.65625000
16087050 87.870162037037 0.359149459912848 1.80325993760755e-05 154535.81250000
16087051 87.8916782407407 0.356256610782808 1.7725226888977e-05 150841.50000000
16087052 87.9145023148148 0.353390973218853 1.94238515997828e-05 145703.70312500
16087053 87.9393055555556 0.349911276918578 1.90199064923234e-05 139428.28125000
16087054 87.9609606481482 0.347935811555097 1.95642658697813e-05 132369.93750000
16087055 87.9818171296296 0.34569992311941 1.91340316566996e-05 133568.75000000
16088001 88.003587962963 0.344486439613883 2.54590683063126e-05 127537.96875000
16088013 88.3799305555556 0.423283143129711 2.03202144680139e-05 185386.96875000
16088014 88.3950694444444 0.426008677632186 0.000174411062240117 180139.12500000
16088015 88.3965740740741 0.430373057224413 0.000172188785207068 177949.42187500
16088016 88.3977314814815 0.411672273683919 1.74655143036445e-05 180188.01562500
16088017 88.4197916666667 0.401840130513225 1.7808772716088e-05 166964.37500000
16088018 88.4418402777778 0.396231369657787 1.83474952384029e-05 156175.00000000
16088019 88.4633912037037 0.390182456285171 1.86790253960154e-05 151966.90625000
16088020 88.4852083333333 0.384765413694949 2.25911921573513e-05 143575.20312500
16088021 88.5044328703704 0.379218712725523 1.96705789256084e-05 133360.79687500
16088022 88.5260532407407 0.374350849717147 1.98223960847453e-05 126571.58593750
16088023 88.5485416666667 0.370229604174102 2.069199274887e-05 122265.63281250
16088024 88.570150462963 0.367316513140444 0.000167050721031564 113298.96093750
16088025 88.5721527777778 0.366997723461842 2.06851618398725e-05 117482.59375000
16088026 88.5938657407407 0.363822157287384 2.18472782341675e-05 111879.96093750
16088027 88.6144907407407 0.361095979951453 3.49601705952292e-05 109934.93750000
16088028 88.625775462963 0.359105127777586 2.17472805799927e-05 108136.71875000
16088029 88.6472685185185 0.356825503090608 2.21268944589184e-05 105200.83593750
16088030 88.6690740740741 0.355092977654001 2.24221187217498e-05 99108.89843750
16088031 88.6906944444444 0.353661284709613 2.49594206664661e-05 99133.35937500
16088039 88.7539583333333 0.427584721288803 1.60001095128806e-05 267456.96875000
16088040 88.7814236111111 0.411164096284959 1.64618610757049e-05 204005.34375000
16088041 88.802962962963 0.400157095181557 1.70564339262659e-05 189888.65625000
16088042 88.8244791666667 0.391579164927697 1.75508820750518e-05 175808.68750000
16088043 88.8459259259259 0.384761844804417 1.78180600665022e-05 167001.04687500
16088044 88.8673379629629 0.380490696050055 3.58591532919724e-05 162169.09375000
16088045 88.8791087962963 0.37717907301665 1.81617489583504e-05 157826.43750000
16088046 88.9006828703704 0.371457025148109 1.89248471718612e-05 146241.95312500
16088047 88.9221412037037 0.367169450556568 1.87881893606203e-05 144027.82812500
16088048 88.9438078703704 0.364110151351408 1.92333263691564e-05 138290.62500000
16088049 88.9654398148148 0.361577786545376 3.49126867473026e-05 130865.30468750
16088050 88.9773148148148 0.359795979762774 1.84360533650622e-05 133385.26562500
16089001 89.0055324074074 0.357186421615084 2.45802155531759e-05 125336.06250000
16089002 89.0197106481481 0.356157516456132 4.52109238647595e-05 121813.00781250
16089003 89.0243055555556 0.355787977946704 3.07711194832999e-05 121127.96875000
16089004 89.0337615740741 0.353048016252343 1.96872145369221e-05 119158.49218750
16089005 89.056724537037 0.350249503580975 1.99714577331133e-05 114852.53125000
16089014 89.2633564814815 0.42901762666734 1.78766445894324e-05 268704.75000000
16089015 89.2849652777778 0.424732425524845 1.99037179314038e-05 217950.75000000
16089016 89.2992939814815 0.416263097773035 1.67846229900622e-05 202170.40625000
16089017 89.3209490740741 0.407913675161093 1.73887826012647e-05 181448.03125000
16089018 89.342662037037 0.401120828123938 1.74683549731419e-05 172089.92187500
16089019 89.3645023148148 0.395394538649496 1.97491093918377e-05 161349.48437500
16089020 89.3850462962963 0.390069845430229 1.85294464254112e-05 156236.15625000
16089021 89.4067245370371 0.409742494407374 0.000248831948435257 145434.59375000
16089023 89.4117476851852 0.38807928717987 0.000147726119454972 145642.54687500
16089024 89.4138078703704 0.384193599073142 1.90341881002566e-05 146804.67187500
16089026 89.4514699074074 0.378388148410202 1.93542682479452e-05 134694.17187500
16089027 89.4737615740741 0.37480508068309 1.99402130336581e-05 129923.37500000
16089028 89.4954398148148 0.371728352018134 2.3120786688178e-05 123684.63281250
16089029 89.5146643518519 0.370370441418668 2.12157373048041e-05 121825.24218750
16089030 89.5409490740741 0.367932881663823 2.07761965147166e-05 115855.61718750
16089031 89.562662037037 0.36527631161563 1.98962539923313e-05 113311.20312500
16089041 89.7601157407407 0.437254181184789 1.42098432984558e-05 276423.62500000
16089042 89.7815856481482 0.423658013169661 1.51273060813811e-05 235468.15625000
16089043 89.803125 0.418307096302954 3.32934908508386e-05 224507.54687500
16089044 89.8085069444444 0.413985125545679 1.84896958485075e-05 220311.68750000
16089045 89.8255787037037 0.406500018319475 1.57736000589766e-05 208005.46875000
16089046 89.8473263888889 0.400397285537077 1.64465436123514e-05 194084.51562500
16089047 89.868900462963 0.39643718025713 5.16943153576391e-05 183919.04687500
16089048 89.871724537037 0.395631655393537 2.93342991061191e-05 179918.90625000
16089049 89.8824884259259 0.391407414707085 1.71487047219219e-05 178108.46875000
16089050 89.9043287037037 0.387070131462204 1.84049592259585e-05 168481.21875000
16089051 89.924224537037 0.383028201470082 1.70755928855269e-05 159441.17187500
16089052 89.9481018518518 0.379757492610796 1.79831861260546e-05 154951.71875000
16089053 89.9701851851852 0.3760565608731 1.82327214760516e-05 146890.29687500
16089054 89.9930555555556 0.374531778151162 3.13533407605018e-05 141214.26562500
16090001 90.0078009259259 0.372691643370869 2.627637632884e-05 135256.89062500
16090002 90.0197222222222 0.370397232115546 1.90283372042228e-05 133568.75000000
16090003 90.0422685185185 0.368258151782402 1.94396829957254e-05 127794.85937500
16090004 90.0648263888889 0.366301706468972 2.04703309553011e-05 124027.15625000
16090005 90.0859490740741 0.366177381631881 4.92202380095179e-05 118118.69531250
16090015 90.1456828703704 0.432847514561243 1.32758860549557e-05 253010.01562500
16090016 90.1723958333333 0.420887369512688 2.66518305814527e-05 224960.15625000
16090017 90.1801851851852 0.413151299578855 1.56971198139204e-05 215687.68750000
16090018 90.2026504629629 0.403053755214944 1.57693304242257e-05 200702.46875000
16090019 90.2256018518519 0.395383713081098 1.6389196576147e-05 187870.23437500
16090020 90.2484837962963 0.389435716674364 2.0630086182623e-05 176591.57812500
16090021 90.2669444444444 0.383329836998594 1.69493526372013e-05 167686.09375000
16090022 90.2896990740741 0.37907629709055 1.80514029243731e-05 161924.42187500
16090023 90.3111458333333 0.375203421181272 1.82433779602441e-05 155367.64062500
16090024 90.3327083333333 0.372321099000725 1.83217521076425e-05 149740.56250000
16090025 90.3543055555555 0.369083089195162 1.88669037222092e-05 140871.75000000
16090026 90.3758564814815 0.366210394432267 2.15250707716564e-05 141654.64062500
16090027 90.3932291666667 0.364203655828884 2.05893802144268e-05 135807.35937500
16090028 90.4147685185185 0.3628765555174 1.96578591605517e-05 132944.89062500
16090029 90.4363657407408 0.360892481061567 1.96317218168088e-05 125421.69531250
16090030 90.458287037037 0.359490089265676 2.74506046534896e-05 123978.21875000
16090038 90.5326041666667 0.438967856450467 1.58315220363573e-05 271506.06250000
16090039 90.5517939814815 0.428027415780314 1.68726021673715e-05 230061.23437500
16090041 90.7018634259259 0.434996524578202 1.14825459107655e-05 292619.87500000
16090042 90.736099537037 0.421717837812379 1.57111637182483e-05 223541.15625000
16090044 90.7599537037037 0.412785270677249 1.92108827642991e-05 202782.04687500
16090045 90.7753703703704 0.405687245713047 1.5739605982848e-05 192041.62500000
16090046 90.8015277777778 0.397695175442559 1.50236452008923e-05 177031.95312500
16090047 90.8346412037037 0.390727927078231 1.81522040149373e-05 164897.00000000
16090048 90.8560648148148 0.386613970761512 1.82918852032803e-05 154719.29687500
16090049 90.8776736111111 0.383362137758875 2.53416457570869e-05 147526.40625000
16090050 90.8950347222222 0.380496140033786 1.9040476310469e-05 143330.54687500
16090051 90.9168865740741 0.37766329085756 1.92543786361261e-05 136113.17187500
16090052 90.9387615740741 0.375341785372854 2.21049734359234e-05 126473.71875000
16090053 90.9559259259259 0.374066062522585 2.49173046291678e-05 124504.22656250
16091003 91.0219212962963 0.433998086349935 1.39032625470025e-05 278197.40625000
16091004 91.0440972222222 0.418194904054417 1.44841937598456e-05 245817.10937500
16091005 91.0663773148148 0.407326197057539 1.54910031683684e-05 223431.07812500
16091006 91.0887268518518 0.399042819833616 1.60483301636221e-05 205167.45312500
16091007 91.1104976851852 0.393203302513035 1.68141059158993e-05 186646.95312500
16091008 91.1320949074074 0.388893370717528 2.39136529654554e-05 174340.75000000
16091009 91.1475462962963 0.383926658456251 1.74952055662955e-05 167710.54687500
16091010 91.1702083333333 0.380060241556308 1.81427788478514e-05 155012.89062500
16091011 91.1918171296296 0.376712819149912 1.8723051618535e-05 144761.78125000
16091012 91.2134375 0.373854582792842 1.89440678769376e-05 138315.07812500
16091013 91.235474537037 0.371167753772738 1.96618364833468e-05 131281.20312500
16091014 91.2571296296296 0.368939197053678 2.2549238581781e-05 125042.46875000
16091036 91.7921412037037 0.508657771229679 0.000762138946109314 217363.56250000
16091037 91.7934143518518 0.527409378156152 0.000805118621783391 209069.71875000
16091038 91.7959953703704 0.52491762522198 0.000805891772897809 206598.68750000
16091039 91.8009606481481 0.421669379056634 1.90682932075323e-05 197216.12500000
16091040 91.8166782407407 0.417030169134936 6.11636467958162e-05 183111.70312500
16091042 91.8203240740741 0.413400892635319 3.32536782355986e-05 176726.14062500
16091049 91.8978125 0.436902742743751 0.000110328579846528 284815.34375000
16091050 91.9022800925926 0.444757579833931 0.000121005214600057 267860.65625000
16091051 91.904837962963 0.509321532843562 0.000286047918314724 259505.64062500
16091052 91.9058564814815 0.434643111794115 2.76254391093643e-05 262074.53125000
16091053 91.9147569444444 0.429664812053082 4.24841322674701e-05 246025.06250000
16091054 91.9225694444444 0.425595550716219 9.00132150334586e-05 233486.43750000
16091055 91.9256944444444 0.421461718241553 2.49744705259064e-05 231786.06250000
16091056 91.9357523148148 0.418204416543335 4.19664139901028e-05 222183.31250000
16091057 91.9403587962963 0.414573029149145 2.7406729993568e-05 212286.95312500
16091060 91.9528819444444 0.409389175623478 2.63874510085008e-05 201925.76562500
16091061 91.9614236111111 0.406818912481135 2.29641683431558e-05 196372.04687500
16091062 91.9726388888889 0.401173710948349 1.62158820863637e-05 189497.20312500
16091063 91.9960416666667 0.394345779821732 1.71642015763419e-05 172420.18750000
16092001 92.0225694444444 0.387805668389578 1.77943859417731e-05 160468.75000000
16092002 92.0446064814815 0.385277114339945 2.78600169486808e-05 151440.90625000
16092003 92.0581597222222 0.383467732506752 3.5655443823826e-05 146731.26562500
16092014 92.1361111111111 0.433021331898887 1.42246943496152e-05 286527.93750000
16092015 92.158287037037 0.420494467486719 1.75162664550361e-05 239920.89062500
16092016 92.1740393518518 0.410304355140017 1.54825096556073e-05 221963.10937500
16092017 92.1965972222222 0.40223378104989 1.61523841642638e-05 204237.76562500
16092018 92.2184722222222 0.395174180223963 1.67078951254374e-05 188530.81250000
16092019 92.2409606481481 0.389961469045328 2.06351763870913e-05 175001.31250000
16092020 92.2596875 0.385235908893642 1.9238440018166e-05 170462.93750000
16092021 92.2790625 0.381164160762483 1.78329592196735e-05 158829.53125000
16092022 92.3015972222222 0.377562629699095 1.84241386516635e-05 149875.09375000
16092023 92.3237847222222 0.375667047231564 3.25940493338542e-05 143734.21875000
16092031 92.4337037037037 0.428740111277104 1.40193700252643e-05 297035.93750000
16092033 92.4577199074074 0.415064799774609 1.72518928342628e-05 255395.40625000
16092034 92.4738078703704 0.406388476070149 1.56145487651177e-05 227064.20312500
16092035 92.4953472222222 0.399307518639166 1.61662981458335e-05 208470.31250000
16092036 92.5170486111111 0.3923137854765 1.73357605169589e-05 191173.09375000
16092037 92.5385300925926 0.3873787811329 1.74759422430003e-05 171123.51562500
16092040 92.5652662037037 0.375120130434823 0.000206053540716747 159343.31250000
16092042 92.5755671296296 0.380835534928317 1.91843195463094e-05 150242.07812500
16092044 92.5975462962963 0.376773899796752 2.22239748449527e-05 140822.81250000
16092048 92.6213425925926 0.373806941562751 2.47822839073222e-05 131061.01562500
16092049 92.6358333333333 0.371314497115156 1.9928334691256e-05 128614.45312500
16092050 92.6573263888889 0.368826865579896 2.04120796101074e-05 120577.49218750
16092051 92.6786111111111 0.367485664117172 3.99190228636024e-05 117286.85937500
16092052 92.6879282407407 0.365418273488689 2.08115408288142e-05 115354.07812500
16092053 92.7093402777778 0.362634099728958 2.11132962278316e-05 115280.68750000
16092054 92.7313310185185 0.359808211861516 2.13548075255437e-05 109482.32031250
16092055 92.7528356481482 0.357640844895565 3.5312068937378e-05 104417.93750000
16092063 92.826724537037 0.428877458003003 1.38377989795982e-05 291494.46875000
16092064 92.8487268518518 0.417256560849519 1.60786512334557e-05 249964.04687500
16092065 92.8671296296296 0.407735595987744 1.54074661827453e-05 229045.90625000
16092066 92.8886458333333 0.398832688276115 1.62167747191165e-05 215663.20312500
16092067 92.9107986111111 0.391244388892553 1.61066691406424e-05 202818.75000000
16092068 92.9323726851852 0.385826870545346 1.91306849459029e-05 192457.54687500
16092069 92.9539583333333 0.379804395644978 1.70351514252062e-05 181876.15625000
16092070 92.975787037037 0.374959199980633 1.72828533327344e-05 171747.37500000
16092071 92.9980208333333 0.370953881716585 1.7405300567825e-05 165924.56250000
16093001 93.0199189814815 0.366927526932906 1.75790719129412e-05 160175.14062500
16093002 93.0420486111111 0.363709451827375 1.80159159322999e-05 154278.92187500
16093003 93.0641319444445 0.362077659526041 3.04457896318641e-05 150364.40625000
16093004 93.0766087962963 0.359377274186737 2.15429349778301e-05 145887.20312500
16093010 93.1431597222222 0.430948767985988 1.31777091112967e-05 308547.00000000
16093011 93.1666319444445 0.415444711311028 1.30803128195087e-05 260007.18750000
16093012 93.1933217592593 0.404707606278046 1.5448261516625e-05 225229.26562500
16093013 93.2156481481481 0.396857944527498 1.56899145702484e-05 213767.12500000
16093014 93.2382986111111 0.39014456034992 1.61020598807084e-05 197044.84375000
16093015 93.2603703703704 0.386524164327925 5.1109965927962e-05 185643.87500000
16093016 93.268912037037 0.382179910250251 1.58004738778715e-05 178854.65625000
16093017 93.2940856481482 0.376843456565 1.72613232955e-05 174096.09375000
16093018 93.3157523148148 0.373044825079291 1.84842485620195e-05 163685.98437500
