16091058 91.9486458333333 0.404842997430621 0.000176920940157402 207724.14062500
16091059 91.9500810185185 0.413082122826749 5.10904540690369e-05 206268.40625000
16093061 93.8342939814815 0.424113581760174 3.89588896081149e-05 178658.92187500
16093064 93.8440625 0.414197704217482 1.93653783160867e-05 166352.71875000
16093065 93.8615972222222 0.406967778395204 1.90891120026164e-05 150498.98437500
16093066 93.881087962963 0.402192194317644 6.41675738768593e-05 136541.32812500
16093067 93.8848958333333 0.398799409993055 2.15655413388458e-05 138633.14062500
16093070 93.9056481481481 0.393033418454844 2.16493112102946e-05 128320.87500000
16093072 93.9267361111111 0.388377082189983 2.29955734987861e-05 121238.07031250
16093074 93.9498842592593 0.382566687212962 2.08314259653374e-05 112980.91406250
16093075 93.9714351851852 0.379857122796902 4.81935773431183e-05 108222.34375000
16093076 93.9782291666667 0.378197827773931 2.38127942933921e-05 107500.60937500
16093077 93.9953356481482 0.374870212532184 2.12267039332221e-05 104650.36718750
16094001 94.0176967592593 0.371848975127396 2.51607137545702e-05 100956.05468750
16094002 94.0356597222222 0.369044594999097 2.20913299158051e-05 95903.89062500
16094003 94.0574537037037 0.366814362069058 3.01655343779495e-05 91610.18750000
16094004 94.0737615740741 0.36508415835056 3.04604533321713e-05 91389.98437500
16094005 94.0881944444445 0.363878486311174 3.42076927932943e-05 87671.20312500
16094016 94.2751851851852 0.430384486928344 1.45077374029408e-05 258478.06250000
16094017 94.2984027777778 0.416529169128281 1.58809359109308e-05 206941.20312500
16094018 94.3219791666667 0.409951683812491 5.77023496704272e-05 188163.82812500
16094019 94.3292824074074 0.402295126644746 1.68508505246398e-05 182964.87500000
16094020 94.3515277777778 0.395553023224742 1.77386765202394e-05 168762.57812500
16094021 94.3728240740741 0.389528143328759 2.02888790167358e-05 165019.32812500
16094022 94.3942824074074 0.385919265685961 2.06738285444928e-05 151220.71875000
16094023 94.4113078703704 0.383571855827353 3.8416913377455e-05 151343.04687500
16094025 94.4189699074074 0.38078633984568 1.88548077202872e-05 148125.81250000
16094026 94.4403935185185 0.377467846294083 1.91300300910121e-05 141495.62500000
16094027 94.4621412037037 0.372878598908723 1.9407089891393e-05 132284.31250000
16094028 94.4841898148148 0.369780913045095 1.96432590466397e-05 130449.38281250
16094029 94.5058796296296 0.366878028831238 2.04850241598766e-05 126057.79687500
16094030 94.5274884259259 0.365339904645646 3.71448601121124e-05 121813.00781250
16094032 94.5366435185185 0.363143934749369 2.0438104816273e-05 120247.21093750
16094033 94.5585416666667 0.360535662113737 2.08753665227642e-05 114558.94531250
16094034 94.5803240740741 0.358441614829683 1.74542334674709e-05 110522.10937500
16094035 94.6119675925926 0.356250582191027 5.17560033367714e-05 104809.38281250
16094048 94.8701041666667 0.42965893786476 1.5676013438174e-05 226244.59375000
16094049 94.8912731481481 0.417269489727324 1.68106262317787e-05 201399.73437500
16094050 94.9127199074074 0.40853389833447 1.74896044248369e-05 183894.57812500
16094051 94.9339236111111 0.401797368339527 1.79015955782068e-05 167416.96875000
16094052 94.9554050925926 0.395182794595704 1.85633250064221e-05 163245.57812500
16094053 94.9767361111111 0.391896485123346 2.50386302515783e-05 155012.89062500
16094054 94.9924074074074 0.387284295100698 1.85938537164425e-05 147098.25000000
16095005 95.0469444444444 0.379465434480945 3.27489998308855e-05 133299.64062500
16095006 95.056099537037 0.377510859498019 1.98391170633663e-05 130510.54687500
16095007 95.0778356481482 0.374006268624975 1.96438234355168e-05 124271.80468750
16095008 95.1009375 0.372114943501565 2.84508413298815e-05 120956.71093750
16095017 95.1851736111111 0.428980459347503 3.17540385669491e-05 264459.93750000
16095018 95.1908564814815 0.425348777846356 3.34595219589556e-05 251713.32812500
16095019 95.1962962962963 0.416857436694947 1.39827759143354e-05 250526.75000000
16095020 95.2209722222222 0.405591626758796 1.43109058127767e-05 218525.68750000
16095025 95.2709722222222 0.390482820180474 2.86111021181008e-05 186120.95312500
16095027 95.2813657407407 0.388278223320784 2.80436867874476e-05 184665.26562500
16095028 95.2967476851852 0.383436296247222 3.1758556938309e-05 177961.65625000
16095029 95.3055787037037 0.382798734897278 4.18827302189862e-05 173570.07812500
16095030 95.3111805555556 0.38083936912266 5.17162630324418e-05 169545.46875000
16095031 95.3162731481481 0.380152230804539 6.2564507545541e-05 168138.70312500
16095032 95.3261111111111 0.377469837435355 3.69578148695834e-05 165643.21875000
16095033 95.3338078703704 0.375165074342255 2.12436596891402e-05 159979.42187500
16095034 95.3507175925926 0.372511491786237 5.39720635979151e-05 157324.89062500
16095035 95.3537268518518 0.371992824308265 2.4641664595318e-05 159698.06250000
16095038 95.3744444444444 0.368538410149961 1.69951784568703e-05 148541.73437500
16095039 95.3996412037037 0.365780749704321 2.6306151488232e-05 144933.03125000
16095041 95.4167592592593 0.364612844000741 3.08045960235303e-05 137581.12500000
16095042 95.4276157407407 0.362847451983961 3.06328462266712e-05 139893.12500000
16095043 95.4369444444444 0.361652883812264 1.93495348556552e-05 133691.07812500
16095044 95.4583796296296 0.35922266778254 1.99918239760088e-05 129299.49218750
16095045 95.4797337962963 0.356971042428932 1.97874268772302e-05 125311.60156250
16095046 95.5013541666667 0.355314240663632 2.82153919816791e-05 121127.96875000
16095055 95.5969791666667 0.420970125626251 1.34595494451428e-05 285891.84375000
16095056 95.6230787037037 0.410059996939448 3.39784508338975e-05 241021.84375000
16095057 95.6349074074074 0.40582789111765 6.44939740267767e-05 226195.65625000
16095058 95.6431597222222 0.400412453986184 1.58302051118034e-05 220862.15625000
16095059 95.6646064814815 0.393228616527852 1.58336071716999e-05 208140.01562500
16095060 95.6868055555556 0.386790860315164 1.64190109213059e-05 193570.73437500
16095061 95.708287037037 0.381697615889226 2.0147338094048e-05 185864.06250000
16095062 95.7268865740741 0.377393128923398 1.71668680913479e-05 172236.70312500
16095063 95.7483680555555 0.373295357432996 1.74669035917512e-05 167881.81250000
16095064 95.769837962963 0.369483620538088 1.78143881188015e-05 163098.78125000
16095065 95.7913425925926 0.367050002762476 2.36271014722181e-05 155061.81250000
16095066 95.805474537037 0.365199550525195 5.55307039309801e-05 151685.56250000
16095067 95.8101273148148 0.365893120157213 4.59081291333257e-05 152003.60937500
16095069 95.8161458333333 0.363859031215764 4.83384301703184e-05 152077.00000000
16095070 95.8210185185185 0.363328253348676 2.90585942528295e-05 148994.34375000
16095071 95.8309953703704 0.362034698046087 4.66476071263673e-05 143905.50000000
16095072 95.8356712962963 0.362897484596603 5.59638178846769e-05 146376.51562500
16095073 95.8399884259259 0.36142160025071 5.85250058954995e-05 145801.57812500
16095074 95.8437731481481 0.360021757095527 4.45411887420914e-05 144676.17187500
16095075 95.8522222222222 0.358344499963582 1.89227058692469e-05 141605.71875000
16095076 95.8737037037037 0.356728374016975 2.47348024308645e-05 136932.78125000
16095077 95.8877083333333 0.354962682618503 1.95305317812046e-05 135195.71875000
16095078 95.909212962963 0.353356315403311 1.91948902489429e-05 129054.83593750
16095087 95.9931018518519 0.416706932301281 1.37196590406472e-05 286307.75000000
16096001 96.0159027777778 0.405959537040013 1.51011305333837e-05 255542.21875000
16096002 96.0365740740741 0.398753631522425 1.84214461637165e-05 228116.21875000
16096003 96.0518402777778 0.392557846749424 1.57765337129165e-05 220213.82812500
16096004 96.0739351851852 0.387140439381986 1.90983632349206e-05 209510.09375000
16096005 96.0906597222222 0.384165636564956 2.42087205781293e-05 198304.82812500
16096006 96.1047106481482 0.3813040656387 2.59147679316612e-05 191894.84375000
16096007 96.1167013888889 0.37769863893468 1.61765999178953e-05 185179.03125000
16096009 96.150787037037 0.373142007815083 2.97911205914164e-05 175931.01562500
16096011 96.1625231481481 0.37016522204008 1.73599633472912e-05 167955.21875000
16096012 96.1842592592593 0.369201961396209 3.44515023375235e-05 162780.73437500
16096019 96.2133680555556 0.364750285625397 2.34156486879086e-05 158915.14062500
16096021 96.2275578703703 0.362235054441624 2.17594998051213e-05 149018.81250000
16096023 96.2463425925926 0.360470814055474 3.33175635657442e-05 145642.54687500
16096024 96.2535416666667 0.359076983897447 2.95699687977651e-05 145618.07812500
16096025 96.2627893518518 0.357034857304194 2.58866993719818e-05 146560.01562500
16096026 96.2790046296296 0.354612748743449 1.87935086189465e-05 139599.53125000
16096027 96.300787037037 0.352797693282782 1.90548819172904e-05 130119.09375000
16096028 96.3230208333333 0.350983266659498 2.65077801845464e-05 133079.43750000
16096029 96.3350694444444 0.350376659867316 2.71868111862816e-05 129825.50781250
16096030 96.3477083333333 0.336135466528013 0.000190236317647823 129495.22656250
16096033 96.3515162037037 0.348738779889008 1.95630245902233e-05 128063.97656250
16096034 96.3731828703704 0.347536393599779 4.52677366081305e-05 122865.03125000
16096053 96.7210300925926 0.423116153182282 1.44681288319706e-05 269671.12500000
16096054 96.7422106481481 0.414122600518003 1.96960657843633e-05 240520.29687500
16096062 96.8286458333333 0.41973223285502 1.37673857317358e-05 300204.25000000
16096063 96.850150462963 0.406554456018521 1.32024051909281e-05 259946.03125000
16096064 96.8758333333333 0.397709493865725 1.53837373791772e-05 231749.37500000
16096065 96.8974305555555 0.391308041868074 1.58394037281972e-05 214611.18750000
16096066 96.9191203703704 0.385355055733494 1.62281063005712e-05 204360.09375000
16096067 96.9405787037037 0.380331397293299 1.69969378676514e-05 192714.43750000
16096068 96.9638657407407 0.375685621460353 1.69780490393234e-05 180334.82812500
16096069 96.9858217592593 0.371999556891128 1.71900190164372e-05 169704.53125000
16097001 97.0075347222222 0.368100375796882 1.76095407528265e-05 165728.82812500
16097002 97.0290740740741 0.365055476844949 1.78248900103499e-05 160236.31250000
16097003 97.050462962963 0.362635372400152 1.78291607492369e-05 153740.68750000
16097004 97.0724884259259 0.360821716226694 2.45184845095929e-05 149483.65625000
16097005 97.087349537037 0.359009718193428 1.85691538232682e-05 147257.28125000
16097006 97.108912037037 0.356718274990449 1.87460972295623e-05 140064.37500000
16097007 97.1307175925926 0.35466678480143 1.90718621748496e-05 135415.90625000
16097008 97.1521412037037 0.352589204515697 1.9350499021818e-05 132516.73437500
16097009 97.1734953703704 0.350733639486095 1.9386077822021e-05 128174.07031250
16097010 97.1952662037037 0.349356755602063 2.16828304748817e-05 125018.00781250
16097011 97.2152199074074 0.347259018262768 2.02217871070673e-05 120760.99218750
16097012 97.2367013888889 0.346274262143423 2.02213428887896e-05 117531.53125000
16097013 97.258287037037 0.34402281363381 2.02058087266099e-05 115806.69531250
16097014 97.2809375 0.343195678199689 2.12052176623315e-05 111647.53906250
16097015 97.3024537037037 0.341992327282425 2.10095561715911e-05 109103.10937500
16097016 97.3239236111111 0.340704197124434 2.70734173813189e-05 108197.87500000
16097028 97.4648032407407 0.423169273790348 0.000110497843028711 11057.04199219
16097029 97.4673032407407 0.416417162008945 1.36305521453955e-05 304644.75000000
16097030 97.48875 0.406863156353393 1.47292526093134e-05 256129.37500000
16097031 97.5098611111111 0.399656429892711 1.5228442825592e-05 231529.18750000
16097032 97.531875 0.394199593584095 1.76709895670622e-05 217204.54687500
16097033 97.5490046296296 0.389460104807155 1.62531172585643e-05 206097.15625000
16097035 97.5711574074074 0.38447076182638 1.7532652714738e-05 198121.34375000
16097036 97.5918402777778 0.380255146021674 1.68759114957852e-05 188420.71875000
16097037 97.6137847222222 0.375725323623847 1.66592078743169e-05 180016.79687500
16097038 97.6362037037037 0.37281542719921 1.98451060705217e-05 173178.62500000
16097039 97.6532175925926 0.370572693370293 2.22512668977531e-05 168163.17187500
16097041 97.6719444444444 0.369203782415363 7.67459401938295e-05 164052.93750000
16097042 97.6749189814815 0.366299679149202 1.77210181559401e-05 162132.37500000
16097044 97.6969675925926 0.364004771189136 4.64819167551969e-05 156015.96875000
16097045 97.702974537037 0.363534210553529 2.36798660655991e-05 156419.67187500
16097049 97.7520254629629 0.357877300933438 1.8651710839821e-05 144235.76562500
16097050 97.7742013888889 0.356035684893236 1.8524424014904e-05 139685.15625000
16097057 97.8575115740741 0.417503119286761 1.4373733588185e-05 283151.68750000
16097058 97.8790509259259 0.406383229410196 1.51497214063854e-05 245499.04687500
16097059 97.8997337962963 0.400795099831465 2.40186210767892e-05 219271.89062500
16097060 97.9137731481482 0.396649535338251 1.66033070809722e-05 205216.37500000
16097064 97.9530092592593 0.388725621504597 1.76661767653822e-05 168444.53125000
16097065 97.9746875 0.385022044224979 2.97701081986975e-05 158743.90625000
16097066 97.9955902777778 0.380265576381678 1.98316543777978e-05 149557.04687500
16098001 98.0173263888889 0.375999909607506 1.89846852776836e-05 143391.70312500
16098002 98.0392592592593 0.373067019158779 2.132159455856e-05 134266.01562500
16098003 98.0610069444444 0.36921841800353 2.17434708085657e-05 127770.39062500
16098004 98.0827083333333 0.367107504715813 2.4735664498939e-05 119207.42187500
16098006 98.1100347222222 0.364000916496049 2.09255220331584e-05 116846.48437500
16098007 98.1336574074074 0.362070717738535 4.89240661684481e-05 110583.27343750
16098008 98.1406597222222 0.360714522823154 2.13319901945776e-05 110314.15625000
16098009 98.1625925925926 0.357944338944246 2.2611225989661e-05 104760.46093750
16098010 98.1842939814815 0.356050442991348 2.41576060785301e-05 99573.74218750
16098011 98.2059490740741 0.354963122598456 2.28755789455165e-05 97799.98437500
16098012 98.2275810185185 0.353904763305887 4.38716803484045e-05 96209.71875000
16098013 98.2358217592593 0.352664834134676 2.21318291360267e-05 92601.03125000
16098014 98.2594791666667 0.350643391222594 3.10190539552409e-05 90386.90625000
16098027 98.9877430555556 0.421801035913253 1.41081113539738e-05 298516.12500000
16099001 99.0088541666667 0.408506838890394 1.22677345949463e-05 250808.09375000
16099002 99.0396875 0.39956496720481 1.57734944635321e-05 224507.54687500
16099003 99.0614351851852 0.393116071162824 1.59401925889644e-05 209253.21875000
16099004 99.0831134259259 0.387671119888261 1.61837705225121e-05 198843.07812500
16099005 99.1047453703704 0.384543483992178 5.11845409040655e-05 184775.32812500
16099006 99.1113310185185 0.380735135631802 1.65132802721542e-05 184628.54687500
16099007 99.1335416666667 0.377335349831409 1.78658980294465e-05 175343.84375000
16099008 99.1547222222222 0.37266933331795 1.70167313328044e-05 168273.25000000
16099009 99.1771064814815 0.369928361068088 1.77131970324199e-05 159306.60937500
16099010 99.1988541666667 0.366425402036546 1.78498211236162e-05 155318.70312500
16099011 99.2208217592593 0.364674743205172 2.47208601883453e-05 149300.15625000
16099012 99.2356712962963 0.362071863345172 1.55063221586635e-05 147563.09375000
16099013 99.2672685185185 0.358441432631196 1.67094686102116e-05 140382.43750000
16099014 99.2957407407408 0.355925508263335 1.66309719444663e-05 133360.79687500
16099024 99.4418171296296 0.415327014774801 1.45779313310837e-05 259065.26562500
16099025 99.4636805555556 0.404289150152176 1.52228077948789e-05 230501.60937500
16099026 99.4882175925926 0.394898659565239 1.62576324934049e-05 210293.00000000
16099027 99.5101736111111 0.387878189408142 1.55319243842918e-05 199760.54687500
16099028 99.5338541666667 0.382047905624573 1.6491048155689e-05 187270.84375000
16099029 99.5557638888889 0.378097794624186 3.00441392387553e-05 177460.10937500
16099030 99.5649421296296 0.374809599665096 1.71347211241596e-05 171918.64062500
16099033 99.5893634259259 0.371522805828154 0.000125484248136401 166927.65625000
16099042 99.6754282407407 0.417932237543608 1.3935011777131e-05 305562.21875000
16099043 99.6970717592592 0.405547136942124 1.44931190837405e-05 270661.96875000
16099046 99.7219675925926 0.395780990571055 1.69138665551591e-05 241315.42187500
16099048 99.7411921296297 0.38771516551018 1.53602189009326e-05 230012.31250000
16099049 99.765 0.381069455491497 1.71342069198949e-05 216495.04687500
16099050 99.7835416666667 0.376546034613303 2.03517785071821e-05 206745.48437500
16099051 99.8000810185185 0.372150526241409 1.67751644946232e-05 202843.20312500
16099053 99.8258101851852 0.367393864040495 1.6705935729249e-05 186781.51562500
16099054 99.8468402777778 0.363396743428666 1.65435820969823e-05 181753.82812500
16099055 99.8683796296296 0.360174628775115 1.70405569570801e-05 173973.76562500
16099056 99.889849537037 0.356543570180645 1.69712241929442e-05 171392.62500000
16099057 99.9113078703704 0.354764194757438 2.10088612828986e-05 166352.71875000
16099059 99.9275578703704 0.33998659258392 1.79505546544009e-05 161594.14062500
16099060 99.9598611111111 0.329373938365548 1.75912049363182e-05 147404.07812500
16099061 99.982337962963 0.327084455276558 1.61268245167359e-05 144248.01562500
16100051 100.386018518519 0.357750891247412 1.8148475772262e-05 169888.01562500
16100052 100.40525462963 0.354528563767823 2.00603015682006e-05 167857.37500000
16100053 100.423819444444 0.353747212445249 2.60793684127017e-05 157251.51562500
16100054 100.438113425926 0.351843666266228 1.70702986267823e-05 158156.71875000
16100055 100.464201388889 0.349643665563859 2.11106337237662e-05 153373.67187500
16100056 100.482222222222 0.347368142596036 1.93533262585696e-05 157850.90625000
16100069 100.639224537037 0.412864078590085 1.41468089572998e-05 269609.96875000
16100070 100.661493055556 0.400655166475587 1.52588771005276e-05 239651.76562500
16100071 100.683032407407 0.393135780596618 1.81160530973808e-05 229192.71875000
16100072 100.703159722222 0.386960192508553 2.49123196350685e-05 219369.75000000
16100073 100.713657407407 0.38132034333093 1.5372837593705e-05 210782.31250000
16100074 100.735914351852 0.375207801873476 1.44333414957079e-05 199454.71875000
16100077 100.783055555556 0.365756428035772 1.66975030642425e-05 181582.57812500
16100078 100.804560185185 0.361834332881095 1.69903249393706e-05 174475.32812500
16100079 100.826435185185 0.358966081035751 1.85484088833814e-05 169912.46875000
16100080 100.844907407407 0.35611814289472 1.75779703556324e-05 161838.82812500
16100081 100.866400462963 0.353883778070233 2.52338312552012e-05 160652.21875000
16100082 100.877349537037 0.352219473813692 1.80480801166982e-05 158584.87500000
16100083 100.901168981481 0.349846560197068 3.0440429093709e-05 148040.17187500
16100084 100.911898148148 0.348616328475159 2.42939960897595e-05 147061.56250000
16100085 100.925393518519 0.349035624746299 4.00760145991876e-05 146951.45312500
16100086 100.931655092593 0.346262186505776 2.33563630257584e-05 145556.92187500
16100088 100.947592592593 0.34505660337608 3.49712207514597e-05 141091.93750000
16101002 101.072141203704 0.407406563841941 1.39105383569263e-05 302870.96875000
16101003 101.093113425926 0.39728863332186 1.31501887764316e-05 263750.43750000
16101004 101.118726851852 0.389670948027801 1.62776212139667e-05 242220.64062500
16101005 101.140138888889 0.383392805043837 2.41978875170325e-05 233449.71875000
16101006 101.1546875 0.379626560024861 2.06128025539897e-05 222905.03125000
16101007 101.166087962963 0.375977427730463 1.58684926380091e-05 220739.82812500
16101008 101.187962962963 0.37083082976274 1.45617607982157e-05 207650.70312500
16101009 101.21224537037 0.366533196540877 1.55710213103317e-05 198194.73437500
16101010 101.233981481481 0.363418591080399 3.11284452628277e-05 191956.00000000
16101011 101.240173611111 0.362805190045681 2.73170263561272e-05 187955.87500000
16101012 101.248229166667 0.361135662906202 2.42016599472859e-05 182842.54687500
16101013 101.262581018519 0.357865770450383 1.5672468451129e-05 182548.96875000
16101014 101.286203703704 0.355338551761037 1.64475495702859e-05 172530.28125000
16101015 101.308055555556 0.354134476581851 3.86382938711279e-05 172236.70312500
16101016 101.313981481481 0.351775221692343 2.41033701293772e-05 165349.60937500
16101018 101.332071759259 0.350105624562665 2.12831231084792e-05 165288.45312500
16101019 101.346712962963 0.348029706952822 1.5924800112155e-05 162266.93750000
16101020 101.372372685185 0.346671448871284 3.25385653271321e-05 156786.64062500
16101021 101.379236111111 0.345502697251367 2.58151048195819e-05 154254.45312500
16101022 101.389641203704 0.344487100838408 3.18752494118394e-05 153740.68750000
16101030 101.574571759259 0.407608206969611 1.36148851518676e-05 310736.68750000
16101031 101.595949074074 0.400146778049944 2.67838148826848e-05 266747.46875000
16101032 101.603402777778 0.395471744946123 1.77199948258721e-05 255407.64062500
16101034 101.618449074074 0.390793530418131 2.06234874450688e-05 236752.59375000
16101035 101.629918981481 0.383955595818288 1.50272733446659e-05 231945.09375000
16101036 101.651770833333 0.378334742413774 1.60912244681912e-05 215345.15625000
16101037 101.673472222222 0.373368989365725 1.58268865244286e-05 207821.98437500
16101038 101.694976851852 0.369512277870435 5.00129420836032e-05 197791.06250000
16101039 101.697777777778 0.367544733907059 1.63335585966288e-05 195442.34375000
16101040 101.721018518519 0.363586334559558 1.72045895313122e-05 181961.79687500
16101041 101.740844907407 0.359696281403786 1.72119448778831e-05 173521.17187500
16101042 101.763252314815 0.357273021649832 1.68542408564367e-05 171906.40625000
16101043 101.785081018519 0.353711438622638 1.73819090052217e-05 167575.98437500
16101044 101.8065625 0.351651980496659 1.93445568841618e-05 160126.20312500
16101045 101.824375 0.349185648798801 2.05204937961878e-05 156040.45312500
16101046 101.84630787037 0.347252615512693 1.80151965951766e-05 148969.87500000
16101047 101.867847222222 0.345492514310172 1.76877877458562e-05 147245.04687500
16101048 101.891423611111 0.343835271940667 2.03991616500803e-05 144957.51562500
16101057 101.975694444444 0.410993642319265 1.34337917619022e-05 303176.81250000
16101058 101.997881944444 0.400488800135774 1.41128713449753e-05 267346.87500000
16102001 102.019641203704 0.395130356336464 2.41877769444933e-05 247578.62500000
16102002 102.027847222222 0.389268257230484 1.41451349878799e-05 243823.15625000
16102003 102.05162037037 0.384270663677325 2.91926363516088e-05 226036.64062500
16102004 102.057939814815 0.382104158905832 2.09286280931371e-05 224116.07812500
16102005 102.070127314815 0.377961333212683 1.49830919702138e-05 218207.62500000
16102007 102.106226851852 0.372718416628895 4.43617191896427e-05 199454.71875000
16102010 102.129872685185 0.367369786832634 2.29565613694065e-05 190598.17187500
16102012 102.148796296296 0.362958601740199 1.59022275629343e-05 184469.51562500
16102014 102.175891203704 0.359323519651769 1.65103733476535e-05 181166.65625000
16102015 102.197615740741 0.355921407304667 1.73847005749246e-05 173496.68750000
16102016 102.220868055556 0.353484292824761 1.69961789169624e-05 165178.39062500
16102017 102.242719907407 0.349975195014764 1.67803235501045e-05 160285.21875000
16102018 102.265844907407 0.346989091701441 1.76435776710776e-05 153911.92187500
16102019 102.287696759259 0.34444645449439 2.57966699050683e-05 147196.10937500
16102020 102.299328703704 0.345208462080197 3.70216369402942e-05 149422.48437500
16102032 102.386446759259 0.397494793502677 1.35279774831503e-05 307910.90625000
16102033 102.407974537037 0.388208941766782 1.39755451524061e-05 266686.31250000
16102034 102.429641203704 0.381503744504002 1.49138175636033e-05 244557.10937500
16102035 102.450949074074 0.377181369512067 2.21093956189361e-05 229278.32812500
16102036 102.465162037037 0.372794171125446 1.52482941852065e-05 221302.53125000
16102038 102.487893518519 0.367818060673189 1.54886454945917e-05 204078.71875000
16102039 102.511064814815 0.36418090803838 1.58645747174478e-05 199197.82812500
16102040 102.532511574074 0.360099232386975 1.60260570075746e-05 190157.78125000
16102041 102.554803240741 0.35662609822553 1.62192598306726e-05 180946.46875000
16102042 102.576701388889 0.355026350608392 3.14677574981876e-05 176163.43750000
16102043 102.585740740741 0.353439948749741 1.66656173690936e-05 171661.76562500
16102044 102.607361111111 0.351219027516448 3.86943060890389e-05 165997.96875000
16102045 102.613449074074 0.350197068708104 1.87227796741508e-05 164615.65625000
16102046 102.633009259259 0.348759205496689 1.72561478365609e-05 160150.67187500
16102047 102.6546875 0.347508804962902 1.81367740180194e-05 151612.15625000
16102048 102.675173611111 0.345173509613093 1.77802050741925e-05 149214.53125000
16102049 102.697511574074 0.344354082418564 3.73792563457729e-05 146816.90625000
16102053 102.754108796296 0.405183580196764 1.49016249475962e-05 315336.21875000
16102054 102.77462962963 0.39864798712385 2.03062697357326e-05 271652.81250000
16102055 102.786215277778 0.39231742428166 1.42412219430766e-05 256055.98437500
16102056 102.807858796296 0.386733481902069 2.06968077936248e-05 225388.31250000
16102058 102.836967592593 0.37709136243023 1.63582648427178e-05 197619.79687500
16102059 102.857673611111 0.373687755042786 1.72549957008392e-05 185925.21875000
16102060 102.877210648148 0.369408366514588 6.71532778244019e-05 176677.23437500
16102061 102.879270833333 0.37009454790184 3.52711095898678e-05 175148.10937500
16102062 102.892881944444 0.367117135758426 1.78580612370855e-05 165104.96875000
16102063 102.912766203704 0.363089993731159 1.73596252008691e-05 159857.09375000
16102064 102.935844907407 0.35855168103908 1.7858470231898e-05 151563.23437500
16102065 102.95744212963 0.356172012602484 2.38801948615406e-05 142792.29687500
16102066 102.970439814815 0.356403055527493 3.93093984366699e-05 141850.37500000
16103002 103.081203703704 0.408815024148692 1.32898581105986e-05 311495.12500000
16103003 103.102824074074 0.39906646075719 1.34155690711304e-05 269671.12500000
16103005 103.142314814815 0.386133870564187 1.48511891520645e-05 232874.78125000
16103006 103.1640625 0.382369784621733 2.56537257489502e-05 220947.78125000
16103007 103.172928240741 0.378080983853565 1.53205929751059e-05 222134.35937500
16103008 103.194525462963 0.374693361856553 3.64354370026941e-05 205375.40625000
16103009 103.201041666667 0.37181836590096 1.58911273911169e-05 204947.26562500
16103010 103.222696759259 0.368404848402235 1.6253807716924e-05 194867.40625000
16103011 103.244189814815 0.364308007600582 1.61941813260556e-05 192751.14062500
16103012 103.266053240741 0.36062281709903 1.57462805667423e-05 180004.53125000
16103013 103.289710648148 0.357583061317336 1.69112685973244e-05 174707.71875000
16103014 103.311423611111 0.354907831735423 1.88956298289382e-05 169325.28125000
16103015 103.330821759259 0.352758979098212 1.71569070148345e-05 163747.14062500
16103016 103.353194444444 0.350154836394604 1.6601123331153e-05 156101.60937500
16103017 103.377685185185 0.348219364616218 1.72719930080105e-05 156113.82812500
16103018 103.400578703704 0.34700384170532 2.42466930825117e-05 151979.14062500
16103029 103.501412037037 0.405813834435723 1.41430420065486e-05 276729.43750000
16103031 103.540069444444 0.392149619507885 3.75746602640982e-05 225963.23437500
16103032 103.544039351852 0.388831066095934 1.91649817962244e-05 224556.46875000
16103033 103.563368055556 0.383754256996149 1.57340972185844e-05 213008.68750000
16103034 103.584895833333 0.377467367937999 1.53301598757333e-05 200543.45312500
16103035 103.607905092593 0.374207916935769 1.94030760277461e-05 191882.60937500
16103036 103.624166666667 0.37067362864405 1.82366126206904e-05 188812.17187500
16103038 103.669837962963 0.363031218869882 1.70720766959245e-05 173973.76562500
16103039 103.693356481481 0.359594178673934 1.6567764538555e-05 162193.54687500
16103040 103.716597222222 0.358522658727894 3.71958788982103e-05 158902.92187500
16103041 103.725219907407 0.356423317297313 1.9743207144945e-05 160970.26562500
16103042 103.742199074074 0.354596551275833 2.83693843175547e-05 158291.28125000
16103043 103.751435185185 0.353383483710842 1.89583567425027e-05 154437.95312500
16103044 103.773449074074 0.350651117424645 1.78063276643303e-05 147086.01562500
16103045 103.795949074074 0.349038841661147 1.96443336161149e-05 142131.71875000
16103046 103.816157407407 0.347283065215314 1.85835742266127e-05 139244.78125000
16103047 103.837685185185 0.346409998300117 1.85359157728545e-05 136932.78125000
16103048 103.859953703704 0.344446546666834 2.37952118588042e-05 132198.67187500
16103051 103.941319444444 0.399950651763639 1.35927033717389e-05 306357.37500000
16103052 103.962800925926 0.39079135813006 1.36753893861049e-05 256422.98437500
16103053 103.986157407407 0.383835789352554 1.66903046079488e-05 238563.04687500
16104002 104.010902777778 0.597369865006504 0.000877978414573363 226256.82812500
16104005 104.025509259259 0.371682277146331 1.46355429755534e-05 219748.96875000
16104006 104.048958333333 0.368631256632728 6.09535086463485e-05 209938.25000000
16104010 104.151516203704 0.404587297138595 1.37638797110274e-05 303397.00000000
16104011 104.172731481481 0.393408645588084 1.42388292682885e-05 262881.87500000
16104012 104.194976851852 0.435685946042142 0.000271889515587766 240838.34375000
16104013 104.199398148148 0.364413971197009 0.000265385426710306 239676.23437500
16104014 104.202673611111 0.36454160045932 0.000267452744967868 236079.78125000
16104015 104.206319444444 0.380664081030458 1.49082718734715e-05 232997.10937500
16104016 104.228171296296 0.37523963092405 1.53002853539652e-05 218843.75000000
16104017 104.250162037037 0.370283838470283 1.71003922354318e-05 209546.79687500
16104018 104.269502314815 0.365823229892199 1.58830539850481e-05 197424.07812500
16104019 104.294363425926 0.361410747289831 1.62347018908871e-05 189044.59375000
16104020 104.316122685185 0.357417588610603 1.66965145800679e-05 184041.37500000
16104021 104.338136574074 0.354098327223529 1.65567761486832e-05 178291.96875000
16104022 104.359861111111 0.356943753095331 0.000155104757623082 170303.93750000
16104023 104.361909722222 0.353030146658855 3.9535923951236e-05 171368.15625000
16104024 104.367222222222 0.35118546652266 5.09569321677392e-05 189056.82812500
16104025 104.370532407407 0.351098355672212 2.78595519885928e-05 166462.81250000
16104026 104.381851851852 0.350026985189348 6.9188187881669e-05 166352.71875000
16104027 104.384664351852 0.348513661242193 1.92670495228964e-05 164346.54687500
16104029 104.404270833333 0.346878681747689 1.74816186690397e-05 161019.20312500
16104031 104.42693287037 0.345465260654733 2.36358473510052e-05 159441.17187500
16104032 104.439201388889 0.347042915800402 6.74686328427204e-05 151538.76562500
16104034 104.442824074074 0.342545861421038 1.75500916852075e-05 152627.48437500
16104035 104.464386574074 0.341114202509764 2.28710838771069e-05 150474.50000000
16104044 104.550416666667 0.392971824166625 1.35010724721287e-05 321795.15625000
16104045 104.5746875 0.383957600198561 1.34733030442023e-05 280448.21875000
16104046 104.596527777778 0.379043388787135 4.82672472661497e-05 251737.79687500
16104047 104.601875 0.375080788663222 1.89505027302265e-05 248997.65625000
16104048 104.624085648148 0.376969538216769 8.09858113323547e-05 228825.71875000
16104049 104.629548611111 0.368706306623604 1.40787099215834e-05 226819.54687500
16104050 104.654583333333 0.36392885806083 1.34829467567077e-05 209779.21875000
16104051 104.683506944444 0.35900601200686 1.5386440470996e-05 200164.21875000
16104052 104.709583333333 0.355148348630493 1.6476111130037e-05 187503.26562500
16104053 104.73130787037 0.351705304469202 1.63761467331566e-05 182328.76562500
16104054 104.75337962963 0.348943131572768 1.65396606246654e-05 173007.35937500
16104055 104.775694444444 0.346669434316641 1.67177224266679e-05 167722.79687500
16104056 104.798136574074 0.345560690031688 3.72817990408637e-05 164395.45312500
16104057 104.803449074074 0.34405790895367 1.72369957591286e-05 161851.03125000
16104058 104.829606481481 0.341140330606439 1.72877858612271e-05 152798.73437500
16104059 104.852025462963 0.339022624030253 1.72794577994281e-05 149141.14062500
16104060 104.875185185185 0.338219435302051 2.57977614057788e-05 146767.96875000
16105038 105.843310185185 0.412656960452482 1.35156470382143e-05 308767.21875000
16105039 105.866435185185 0.399201421217893 1.31826597386204e-05 270123.75000000
16105040 105.891527777778 0.389206163067464 1.43412367531228e-05 242135.03125000
16105041 105.913969907407 0.383244215250268 1.54715759311117e-05 233902.34375000
16105042 105.935439814815 0.377809863535182 1.57360691248867e-05 215797.78125000
16105043 105.957106481481 0.37714904359556 5.62244745049958e-05 206060.43750000
16105044 105.962986111111 0.372400107491939 2.91745922367261e-05 199785.00000000
16105045 105.982916666667 0.370253634214425 2.53621868933415e-05 192274.06250000
16105046 105.992210648148 0.36714790913485 1.61012660031385e-05 189436.03125000
16106001 106.014502314815 0.363351351459779 1.63884575932653e-05 181203.34375000
16106002 106.036678240741 0.360054551287119 1.70112436916541e-05 172493.59375000
16106003 106.058206018519 0.357269020008199 1.72434210336499e-05 168750.32812500
16106004 106.079756944444 0.355405770904816 2.77148051413258e-05 162328.10937500
16106005 106.09181712963 0.353926497166585 2.73543818934826e-05 159759.23437500
16106006 106.10193287037 0.352965599084115 3.3211609839462e-05 156823.34375000
16106007 106.110891203704 0.351921653987163 2.45188076874424e-05 152590.79687500
16106008 106.123240740741 0.349664179200359 1.57512604638062e-05 150388.89062500
16106009 106.151319444444 0.347982943564594 2.17773246229843e-05 145397.89062500
16106014 106.253159722222 0.412702633244415 1.38945572438238e-05 324474.15625000
16106015 106.275231481481 0.402003208014829 1.38969433031429e-05 278478.75000000
16106016 106.297141203704 0.393219896544764 1.37466940857771e-05 248618.42187500
16106017 106.322407407407 0.387863279332369 3.9988851316303e-05 221498.26562500
16106018 106.326388888889 0.376880099801311 1.4335114642901e-05 220727.59375000
16106019 106.351377314815 0.37473049314878 1.36080271953682e-05 208042.15625000
16106020 106.385706018519 0.368965191719392 1.62467534857343e-05 190769.42187500
16106021 106.4075 0.365447831138238 1.75126779144368e-05 181668.20312500
16106024 106.454791666667 0.359050791109938 6.62451609015592e-05 169631.10937500
16106025 106.458912037037 0.358372517287037 2.80300033543631e-05 168346.65625000
16106026 106.468842592593 0.355134597735941 1.71912244844921e-05 165178.39062500
16106027 106.490775462963 0.353742130377246 2.12874955424981e-05 157227.03125000
16106028 106.507893518519 0.351297492955638 1.74900339816104e-05 157936.53125000
16106029 106.529548611111 0.35029357668569 2.19700529099077e-05 151245.17187500
16106031 106.559537037037 0.334319675725962 0.000115930398761742 141997.17187500
16106032 106.564560185185 0.345581462999778 2.1569580842933e-05 121299.24218750
16106033 106.587037037037 0.34462513293348 3.20840357977491e-05 141067.46875000
16106036 106.634224537037 0.341392574801287 1.78822259816446e-05 126204.58593750
16106045 106.784108796296 0.419100456394012 1.58015535787151e-05 319813.43750000
16106048 106.808761574074 0.402307105079223 1.2692371378963e-05 266429.43750000
16106049 106.835763888889 0.392981784651304 1.95831165912853e-05 230636.18750000
16106050 106.852199074074 0.389262394660391 3.63386745517367e-05 214978.17187500
16106051 106.857280092593 0.385200476164637 1.61486327735832e-05 211112.59375000
16106052 106.878865740741 0.381479311195187 3.11177330222147e-05 199051.04687500
16106053 106.887025462963 0.379737696248276 4.41562018795992e-05 197729.89062500
16106054 106.89150462963 0.376964871488669 1.71897092247798e-05 196739.04687500
16106058 106.947731481481 0.365649733155351 1.66288622921051e-05 173374.34375000
16107004 107.073136574074 0.412320488516696 1.56728181605461e-05 342370.75000000
16107005 107.095150462963 0.401200296368323 1.4495285282115e-05 294002.18750000
16107006 107.117696759259 0.391771739864267 1.73934890939276e-05 258282.37500000
16107007 107.148206018519 0.380222252669775 1.46779159079473e-05 235235.71875000
16107008 107.169965277778 0.378207591426738 0.000152144530031968 226134.50000000
16107010 107.172546296296 0.374121927381795 1.49254113845273e-05 220177.10937500
16107011 107.194976851852 0.375522040007119 8.11675674471259e-05 212201.31250000
16107012 107.19900462963 0.368641322136875 1.5741351435576e-05 206721.01562500
16107013 107.221458333333 0.363941320395279 1.60654945480733e-05 195112.07812500
16107014 107.243425925926 0.36022258500674 1.631028030968e-05 187650.04687500
16107015 107.265034722222 0.356408096738509 1.39191631949315e-05 182744.68750000
16107016 107.295532407407 0.352663675326343 1.39700650075488e-05 175392.76562500
16107017 107.329826388889 0.352322730183914 7.49666805031024e-05 164432.15625000
16107018 107.336134259259 0.349978214712248 2.91145049208212e-05 165361.85937500
16107020 107.346840277778 0.347772551201423 1.71493878667951e-05 159465.62500000
16107021 107.369108796296 0.345297128902805 1.63510483777294e-05 155795.78125000
16107022 107.394166666667 0.343043981115977 1.71675751389398e-05 152236.04687500
16107042 107.782673611111 0.413574675290377 0.000127117285105258 282148.59375000
16107047 107.792847222222 0.407987726724259 1.36542127888599e-05 254392.32812500
16107048 107.816863425926 0.398132869128629 1.63946807391429e-05 220911.09375000
16107052 107.845428240741 0.391960756253124 2.12976204150981e-05 191503.39062500
16107054 107.865659722222 0.38919211396316 9.78512979913391e-05 175661.87500000
16107055 107.867106481481 0.384808417854593 1.51879655315896e-05 178695.62500000
16107058 107.896550925926 0.379680139236159 2.55187835956837e-05 165851.15625000
16107060 107.910439814815 0.37482788947555 1.65074989701732e-05 164701.29687500
16107061 107.937326388889 0.369926082439811 1.81505525000179e-05 152162.64062500
16107062 107.958773148148 0.366643993751233 1.74647575739993e-05 148553.96875000
16107063 107.982523148148 0.36294254280062 1.70303048043333e-05 142388.60937500
16108001 108.008229166667 0.360087229253641 1.8120815389127e-05 139220.31250000
16108002 108.035011574074 0.356942324852739 1.83378515583261e-05 128027.28125000
16108003 108.059305555556 0.354549183698198 1.92034915566586e-05 123121.91406250
16108004 108.082488425926 0.352086237604101 1.96243752832089e-05 120553.03125000
16108005 108.104803240741 0.350856536759225 3.3592674855123e-05 119819.04687500
16108008 108.179733796296 0.415069467335979 1.33217908548716e-05 325012.43750000
16108009 108.201319444444 0.403746918219936 1.37189911684541e-05 283592.06250000
16108010 108.2234375 0.3934646136437 1.44872231570185e-05 243566.28125000
16108011 108.246006944444 0.38609792833053 1.51867864211971e-05 225461.70312500
16108012 108.267685185185 0.3801064091443 1.52217655151764e-05 210880.17187500
16108013 108.290636574074 0.375669427072692 3.34025469839281e-05 200873.75000000
16108016 108.312222222222 0.377643948570727 9.26248838788192e-05 188078.20312500
16108017 108.316076388889 0.369513937276933 1.64962303568112e-05 188188.29687500
16108018 108.337546296296 0.365752797003174 1.77282280790176e-05 179380.65625000
16108019 108.357650462963 0.362621361978576 1.69364252171414e-05 176652.75000000
16108020 108.379097222222 0.359509659832609 1.58266140568044e-05 168016.37500000
16108021 108.404375 0.35702607419509 3.05523792905736e-05 161092.59375000
16108026 108.494363425926 0.418733491963084 8.24750179585096e-05 312057.84375000
16108027 108.496134259259 0.41043136960739 1.22137014639679e-05 314883.62500000
16108028 108.525752314815 0.399049880121548 1.36729244286336e-05 253413.67187500
16108030 108.552719907407 0.397182161269791 8.02119680645387e-05 223969.29687500
16108031 108.554375 0.389885080727839 1.55736715985557e-05 223357.65625000
16108033 108.585520833333 0.381859286785565 1.59701887140719e-05 202867.68750000
16108034 108.606759259259 0.378947944357311 2.99273501867545e-05 197179.43750000
16108035 108.615277777778 0.376704972867166 2.76528625131591e-05 190867.28125000
16108036 108.625821759259 0.373646115943231 1.63089646592826e-05 186267.73437500
16108037 108.647974537037 0.368889972976217 1.51141523522937e-05 175343.84375000
16108038 108.674849537037 0.366307387159917 1.71987140543626e-05 167906.28125000
16108039 108.696365740741 0.363213371838281 1.73579476831744e-05 166658.53125000
16108040 108.717881944444 0.360170310325005 1.76794332329931e-05 159294.37500000
16108041 108.743032407407 0.357799901920807 4.04936590319737e-05 152859.90625000
16108042 108.750115740741 0.356606118874645 1.64258444911188e-05 148284.82812500
16108043 108.776377314815 0.354134013361996 1.84737896959191e-05 144455.95312500
16108044 108.79818287037 0.350825957369393 1.58880420836036e-05 136724.81250000
16108045 108.828391203704 0.349530430538566 0.000104438106488031 134938.82812500
16108054 108.890844907407 0.413707200087196 1.32988496234985e-05 328510.96875000
16108055 108.914155092593 0.401935307474381 1.38674808616371e-05 284998.84375000
16108056 108.935659722222 0.392244834845261 1.37111153193241e-05 255211.90625000
16108057 108.96087962963 0.38529711133584 1.49015465504895e-05 228568.82812500
16108058 108.982951388889 0.379234341882993 1.57050623977592e-05 215210.59375000
16109001 109.004675925926 0.375641960781344 2.29030621579569e-05 208641.57812500
16109002 109.017824074074 0.371862147265865 1.59350201436749e-05 202757.59375000
16109003 109.03974537037 0.367904540263561 1.84246697184386e-05 194304.70312500
16109005 109.063275462963 0.365639511414515 4.07775306932686e-05 183454.20312500
16109006 109.068055555556 0.362649330338112 1.65065499804969e-05 179380.65625000
16109007 109.089722222222 0.360038054864244 1.67675664577418e-05 172750.50000000
16109008 109.111354166667 0.357157681733669 1.71839777220203e-05 168102.01562500
16109009 109.133113425926 0.354728129034381 2.9736108705186e-05 167563.78125000
16109010 109.1434375 0.353088971232579 1.70331720744721e-05 162377.06250000
16109011 109.166689814815 0.351758937579916 2.70445073343284e-05 155110.75000000
16109012 109.176921296296 0.350226001893067 2.27879523663136e-05 153324.76562500
16109013 109.192256944444 0.349178957428632 3.12101880575244e-05 150021.89062500
16109014 109.200173611111 0.347209842595484 1.77715900138415e-05 149385.79687500
16109015 109.222511574074 0.34783329674814 6.04945810041842e-05 145679.25000000
16109022 109.291157407407 0.418912832695723 1.34894260878461e-05 321477.09375000
16109023 109.312777777778 0.405882617008967 1.36706994970468e-05 273805.81250000
16109025 109.335335648148 0.394655045685899 1.44186116443945e-05 247970.09375000
16109026 109.357569444444 0.386799400492258 1.5107382457637e-05 233559.82812500
16109027 109.379270833333 0.380313651523051 1.50154182680891e-05 217106.68750000
16109028 109.4090625 0.374811550548928 3.32723205178486e-05 206060.43750000
16109029 109.417268518519 0.37119511066245 1.6152472946502e-05 201742.26562500
16109030 109.438993055556 0.36683245016078 1.64445760238122e-05 190035.45312500
16109031 109.460625 0.363214916484808 1.66707256561392e-05 180909.79687500
16109032 109.482349537037 0.359713093918296 1.68863360220852e-05 176616.07812500
16109033 109.503946759259 0.356676770445859 1.70312003308987e-05 171833.01562500
16109034 109.525555555556 0.354942497524983 2.15257166619855e-05 165300.70312500
16109035 109.540127314815 0.352441087568739 2.72760637911253e-05 163318.96875000
16109037 109.55599537037 0.351259383754597 1.82201002771756e-05 150229.84375000
16109038 109.577546296296 0.349057927026815 1.66991980133334e-05 150156.45312500
16109039 109.603356481481 0.346535741095658 2.25289937473215e-05 146670.09375000
16109048 109.743668981481 0.415824711065988 1.22227789089226e-05 320119.31250000
16109049 109.770173611111 0.401578518247776 1.44070929107467e-05 273328.75000000
16109050 109.791805555556 0.393635032389451 1.63877025646734e-05 241278.73437500
16109051 109.809270833333 0.387050453544488 1.49572600879962e-05 231896.17187500
16109052 109.831481481481 0.379477753791469 1.53499440586461e-05 216592.89062500
16109053 109.853090277778 0.374828705363684 1.74131566356217e-05 208409.17187500
16109054 109.874988425926 0.369963285515553 1.6373776970343e-05 198304.82812500
16109056 109.897488425926 0.365711366808358 1.68277645097282e-05 191307.67187500
16109057 109.918356481481 0.362394674087775 1.66539727995336e-05 182977.12500000
16109058 109.939710648148 0.35903498061103 1.69363002894132e-05 177154.31250000
16109059 109.960972222222 0.355563795195926 1.68283876446785e-05 172481.35937500
16109060 109.982928240741 0.354011230304726 2.70817002627441e-05 164260.90625000
16109061 109.994537037037 0.351648057349349 1.65378815331124e-05 158792.82812500
16110001 110.01875 0.349082057549217 1.70063525579413e-05 151856.81250000
16110002 110.042326388889 0.34636195906884 1.42288882314407e-05 149018.81250000
16110005 110.134895833333 0.425163889550154 3.47923724850148e-05 308730.50000000
16110006 110.139363425926 0.421091621336185 2.25780258254455e-05 301011.59375000
16110007 110.147210648148 0.410873024968591 1.39246821476191e-05 279738.71875000
16110008 110.16875 0.400187360980344 1.44334366499519e-05 248569.51562500
16110009 110.190289351852 0.391514668941456 1.48834758066533e-05 231602.56250000
16110010 110.211979166667 0.384315771041187 1.51845146903579e-05 220213.82812500
16110011 110.233981481481 0.378629458457795 1.47929654385987e-05 209081.93750000
16110012 110.260729166667 0.373173995153748 1.62839982444304e-05 197705.42187500
16110013 110.282141203704 0.368933714710807 1.64552937008495e-05 187809.07812500
16110014 110.303715277778 0.365089704604069 1.66450331192721e-05 178830.18750000
16110015 110.325509259259 0.361956353334133 1.67228895784351e-05 174291.79687500
16110016 110.347384259259 0.358875853275315 1.63579286040537e-05 168444.53125000
16110017 110.37119212963 0.356680129924873 2.23661318738297e-05 158682.75000000
16110018 110.384872685185 0.354436792098482 1.92362765145708e-05 157936.53125000
16110019 110.406423611111 0.351837213302553 1.73565363375968e-05 150474.50000000
16110020 110.429583333333 0.34929301527725 1.81076881632058e-05 149826.17187500
16110021 110.451111111111 0.348499985593354 3.32579318721823e-05 144223.53125000
16110035 110.821921296296 0.418938154439893 1.37335708499329e-05 260361.95312500
16110036 110.843564814815 0.405835103555474 1.42652038287304e-05 284729.71875000
16110037 110.870138888889 0.394442807228683 1.42091659837787e-05 249817.25000000
16110038 110.893333333333 0.38651489583847 1.49508758833313e-05 232838.07812500
16110039 110.916215277778 0.380086109440204 1.56026612671523e-05 216519.51562500
16110040 110.937372685185 0.375741378426617 1.7986076225084e-05 207650.70312500
16110041 110.956979166667 0.371172114089883 1.60127994849531e-05 198635.12500000
16110042 110.978796296296 0.366850246207338 1.64535977972769e-05 188139.35937500
16111001 111.000659722222 0.362911484153222 1.65967297987946e-05 183393.03125000
16111002 111.022361111111 0.359465237143969 1.68031779598491e-05 172530.28125000
16111003 111.044085648148 0.3570692591793 1.71215202714295e-05 165557.57812500
16111004 111.065821759259 0.354524899028802 3.37681610373219e-05 165068.26562500
16111005 111.07525462963 0.353550760780452 2.2787428945893e-05 161924.42187500
16111024 111.478993055556 0.41442112268317 1.34557756346202e-05 333477.53125000
16111025 111.500439814815 0.403023275569288 1.34164018994314e-05 294369.18750000
16111026 111.522256944444 0.393525603259858 1.44270091800159e-05 264521.12500000
16111027 111.543761574074 0.386393367013185 1.45824549812803e-05 239345.95312500
16111028 111.565601851852 0.381089827615943 1.41474269864498e-05 230195.79687500
16111029 111.589826388889 0.376499160037849 1.85132139129227e-05 214709.04687500
16111030 111.604837962963 0.371972258169665 1.57972798155433e-05 212910.82812500
16111031 111.627777777778 0.367287159499937 1.59684302907586e-05 197252.81250000
16111032 111.649571759259 0.364667581060024 1.61319300329973e-05 191307.67187500
16111033 111.671319444444 0.361594309361549 1.62289169320773e-05 187417.62500000
16111034 111.693171296296 0.358824692023664 1.64344674114703e-05 180640.64062500
16111035 111.715266203704 0.356971013815329 2.60620859491408e-05 178169.64062500
16111036 111.726099537037 0.355966421410849 2.66417833039489e-05 172897.26562500
16111037 111.73912037037 0.353892029968699 1.71263093454471e-05 169459.84375000
16111038 111.760671296296 0.351311819589384 1.7334050736357e-05 162866.35937500
16111039 111.782268518519 0.349209115269866 1.77794306942951e-05 159294.37500000
16111040 111.803923611111 0.347283175441697 1.79177332597155e-05 155294.23437500
16111041 111.825451388889 0.345320052594838 1.79619251202736e-05 150009.65625000
16111042 111.847083333333 0.344218227736078 1.88603975016701e-05 144468.18750000
16111043 111.867083333333 0.343033987255 2.35822277263903e-05 143012.50000000
16111049 111.974108796296 0.41921343890031 1.29049112174902e-05 311482.90625000
16111050 111.997604166667 0.407467189073892 1.44220229367726e-05 269218.50000000
16112001 112.019305555556 0.3986851308417 1.76163136751537e-05 241193.09375000
16112002 112.034849537037 0.391965301751056 1.5218702597945e-05 232079.64062500
16112003 112.056481481481 0.384682028337454 1.52055226299282e-05 216030.20312500
16112004 112.078611111111 0.37854070174086 1.57767976504621e-05 207516.15625000
16112005 112.102256944444 0.373001562595144 1.59847381730384e-05 198378.23437500
16112006 112.123888888889 0.36857416552316 1.64123225339158e-05 186108.71875000
16112007 112.145462962963 0.364817857039952 1.62002949267523e-05 179343.96875000
16112008 112.168136574074 0.360987794018857 1.7182961295886e-05 174108.31250000
16112009 112.189965277778 0.357812030801277 1.72103356964434e-05 165618.73437500
16112010 112.211793981481 0.355752776492321 2.4121839988329e-05 163893.90625000
16112011 112.227280092593 0.353205901711281 1.75783156882431e-05 158841.76562500
16112012 112.248946759259 0.342844832823211 1.81970181030972e-05 156358.51562500
16112013 112.270150462963 0.335875776857437 2.09059978977718e-05 139489.43750000
16113002 113.025856481481 0.415898074613018 2.81579586890482e-05 316950.93750000
16113003 113.033298611111 0.411402590286039 2.63130909157164e-05 300399.96875000
16113004 113.041469907407 0.407906781216437 3.386618266505e-05 277108.68750000
16113008 113.119814814815 0.417886897870863 1.33606708356588e-05 319752.25000000
16113009 113.141944444444 0.410933931101725 6.28272500293945e-05 270955.56250000
16113010 113.143611111111 0.405501878268611 2.01195393015148e-05 264667.87500000
16113011 113.156053240741 0.399975631315874 1.92030710580892e-05 244887.40625000
16113012 113.168599537037 0.394737472550515 2.06406674184357e-05 236752.59375000
16113014 113.187465277778 0.386900363436321 1.53835905793045e-05 225461.70312500
16113015 113.208993055556 0.380200531692639 1.57646689553079e-05 211699.78125000
16113016 113.230509259259 0.375349586621886 2.17108671767191e-05 199454.71875000
16113017 113.245590277778 0.370646377886605 1.6313745303877e-05 192800.07812500
16113018 113.267094907407 0.367562589185535 1.75248799598968e-05 184249.35937500
16113019 113.29712962963 0.36155776175333 1.58928081015465e-05 177741.45312500
16113020 113.321828703704 0.358260304883693 1.74295422955623e-05 165520.89062500
16113021 113.343796296296 0.355060755506124 1.57914447146509e-05 162132.37500000
16113022 113.371608796296 0.352431282092669 1.8400224676383e-05 153667.28125000
16113028 113.405011574074 0.349487725414569 1.77122403001033e-05 145385.65625000
16113029 113.428611111111 0.347287895013246 1.81519710113092e-05 140455.82812500
16113040 113.601608796296 0.417153574016225 1.3021655279505e-05 311739.78125000
16113041 113.624189814815 0.405584102023042 1.4510611718353e-05 275481.71875000
16113042 113.646724537037 0.394895294059583 1.56426828523445e-05 233572.04687500
16113043 113.668576388889 0.388506569331776 1.60661976036992e-05 219088.39062500
16113044 113.690601851852 0.382093936677775 1.81909256329158e-05 209901.56250000
16113045 113.712905092593 0.378078319031239 1.8624846214201e-05 197289.50000000
16113048 113.785393518519 0.364895486384168 1.7583397831216e-05 171478.26562500
16113049 113.806793981481 0.362369345393646 1.76418108344233e-05 158523.70312500
16113050 113.828553240741 0.359827775981246 1.78626033975224e-05 156015.96875000
16113051 113.850069444444 0.357746694836918 1.99254585081152e-05 152566.31250000
16113052 113.870798611111 0.355579780651914 1.84680449563188e-05 146376.51562500
16113053 113.892326388889 0.352843526694279 1.87115542652063e-05 141434.45312500
16113054 113.913958333333 0.351016692464246 7.20249927314662e-05 137605.57812500
16113055 113.917280092593 0.350807454935056 1.98447812868829e-05 135697.26562500
16113056 113.937164351852 0.350381961963069 5.02562658100393e-05 134926.59375000
16114002 114.014097222222 0.41353672680928 1.26083423051703e-05 307397.12500000
16114003 114.038946759259 0.402125203189984 1.45003133725604e-05 274221.71875000
16114004 114.060509259259 0.393147170015993 1.49823449912537e-05 244385.87500000
16114005 114.08224537037 0.385930397310242 1.53110009938631e-05 229094.85937500
16114006 114.103831018519 0.381458307010181 2.17885308736855e-05 216421.64062500
16114007 114.115034722222 0.379409580144928 3.71864623696019e-05 211809.87500000
16114008 114.119456018519 0.37656872840505 1.65825830782724e-05 206880.03125000
16114009 114.141793981481 0.371583031776072 1.64224836091395e-05 193582.96875000
16114010 114.163402777778 0.367611338095062 1.66252568865196e-05 188188.29687500
16114011 114.185069444444 0.364209949576253 1.67663551057304e-05 179111.53125000
16114012 114.206770833333 0.361010695744006 1.70661635974638e-05 171833.01562500
16114013 114.228472222222 0.358174912238543 1.74013115685068e-05 165300.70312500
16114014 114.250104166667 0.355863788326102 2.19593804157503e-05 161104.82812500
16114015 114.266724537037 0.352737142387983 1.80019525937249e-05 153116.79687500
16114016 114.288194444444 0.35099263855371 1.83400321770759e-05 147550.85937500
16114017 114.309641203704 0.348634926691835 1.85710977489524e-05 146400.98437500
16114018 114.331018518519 0.347045639954274 1.67755519234304e-05 140211.18750000
16114026 114.446851851852 0.423587748516743 1.41377178646951e-05 266368.28125000
16114027 114.469606481481 0.409779887146384 1.54884565079022e-05 224299.57812500
16114028 114.491435185185 0.400053278423013 1.64081956648382e-05 203552.75000000
16114029 114.51287037037 0.392457668626288 1.6867482889325e-05 189350.42187500
16114030 114.534351851852 0.385739789526896 1.71190783099819e-05 179857.75000000
16114031 114.555844907407 0.380064731108634 1.788740283602e-05 166988.81250000
16114032 114.576585648148 0.377438636173355 4.32216585868653e-05 161447.34375000
16114033 114.589502314815 0.374319076934263 1.81553184115926e-05 154719.29687500
16114034 114.61130787037 0.372732955497269 8.89613359652941e-05 150853.73437500
16114036 114.61494212963 0.371955208331646 4.96175871086227e-05 148908.71875000
16114041 114.902141203704 0.421116168745051 1.5163248846703e-05 252435.06250000
16114046 114.929097222222 0.413558231036351 3.74850089265876e-05 206916.75000000
16114047 114.933819444444 0.405766432578065 1.65076337004669e-05 202194.87500000
16114048 114.955347222222 0.397457163422424 1.68449596935704e-05 185949.68750000
16114049 114.976956018519 0.392556753549612 2.37726042179885e-05 172359.03125000
16115001 115.00130787037 0.386194201582986 2.52184026510504e-05 164701.29687500
16115002 115.015219907407 0.383428509502083 3.05892732362195e-05 156505.29687500
16115003 115.026377314815 0.227528078268658 0.000192473939509644 154205.51562500
16115004 115.048923611111 0.375505641811958 2.33635743190285e-05 145715.93750000
16115005 115.06994212963 0.371297290291245 2.43010748698248e-05 135146.79687500
16115006 115.091597222222 0.367839388807464 2.45768125683647e-05 130155.79687500
16115007 115.113229166667 0.365900842392059 3.052434173329e-05 127427.87500000
16115008 115.127824074074 0.365328032519003 4.44518224377024e-05 121433.78125000
16115009 115.136701388889 0.36244970575066 2.46960981471606e-05 122387.95312500
16115010 115.158460648148 0.359955475167398 2.41231554688732e-05 115672.14062500
16115011 115.1815625 0.357396387332783 2.51961138216553e-05 110032.80468750
16115012 115.203321759259 0.355287018777537 2.95915598063896e-05 108442.53125000
16115017 115.277268518519 0.420237189213188 1.40348148134846e-05 310565.43750000
16115018 115.302118055556 0.405618914480256 1.53182590920528e-05 257719.64062500
16115019 115.329444444444 0.396173342998463 3.61983357211771e-05 221865.25000000
16115021 115.34494212963 0.389948214018457 2.06118918599756e-05 209020.78125000
16115022 115.359178240741 0.390023040954096 4.21286776694655e-05 201852.35937500
16115029 115.396400462963 0.378472458087549 3.00554652554494e-05 183185.06250000
16115030 115.404305555556 0.375342174498095 1.67262674710831e-05 180983.15625000
16115031 115.425833333333 0.372871681594862 5.80498771383156e-05 172481.35937500
16115032 115.428263888889 0.372587454237924 3.76376556882036e-05 171747.37500000
16115033 115.433055555556 0.371672136803801 3.01082718306734e-05 171282.53125000
16115034 115.440358796296 0.371181147168186 4.56320828213186e-05 167771.71875000
16115036 115.444479166667 0.370462954646677 2.84644773157508e-05 165300.70312500
16115037 115.455277777778 0.366984634667543 1.71285665816705e-05 161618.60937500
16115039 115.4784375 0.363440297048526 1.79622789514837e-05 162670.62500000
16115040 115.49994212963 0.360649875747763 1.74089510077313e-05 150596.82812500
16115041 115.523391203704 0.358280491465383 4.72021457167926e-05 144419.26562500
16115042 115.527696759259 0.357991156388361 3.41186384324753e-05 145141.00000000
16115044 115.561018518519 0.353781523068853 1.93435755960396e-05 136810.45312500
16115045 115.582511574074 0.351923723683798 1.93371190851981e-05 132174.20312500
16115046 115.603935185185 0.34913472035415 1.66655136837441e-05 127183.21875000
16115047 115.633460648148 0.347373851487126 2.00735024630448e-05 125605.17968750
16115048 115.65505787037 0.345807087305886 5.49698066899683e-05 119855.76562500
16115053 115.718587962963 0.419854383166509 1.36757790847827e-05 295519.09375000
16115054 115.741759259259 0.407674481283249 1.52651446347885e-05 252239.32812500
16115055 115.763287037037 0.39881684652292 1.55667613317267e-05 222317.85937500
16115056 115.784756944444 0.395355023393782 5.30937300655722e-05 206818.87500000
16115057 115.791111111111 0.390286230307748 1.60629316803842e-05 204983.98437500
16115058 115.812708333333 0.383180907577208 1.66584096447563e-05 189399.34375000
16115059 115.834224537037 0.377728281759432 1.68678578685159e-05 182695.78125000
16115060 115.864328703704 0.371959668576169 1.80105915666239e-05 170279.45312500
16115061 115.885011574074 0.365367399412858 1.77370673256416e-05 167710.54687500
16115062 115.906574074074 0.363402183908715 1.82348878677434e-05 156260.62500000
16115063 115.928125 0.360662182977992 1.82767249712531e-05 151991.37500000
16115064 115.949710648148 0.357449050661601 2.01984501573529e-05 144150.14062500
16115065 115.969537037037 0.355775124529551 1.89290777328307e-05 142498.70312500
16115066 115.991145833333 0.353029706210323 1.89457600337658e-05 139611.76562500
16116001 116.012615740741 0.350900561735269 2.26980234309803e-05 132137.51562500
16116002 116.029976851852 0.349736233457538 1.86795427692129e-05 131990.71875000
16116007 116.1090625 0.414721104860419 1.27528023435671e-05 301574.31250000
16116008 116.133715277778 0.404415496571712 1.52521593180851e-05 251383.04687500
16116009 116.154571759259 0.396288188362092 1.55265704799876e-05 223712.40625000
16116010 116.176238425926 0.388501110074504 1.57838127657525e-05 210023.89062500
16116011 116.19837962963 0.382748718726072 1.63404618585151e-05 198402.70312500
16116012 116.219988425926 0.377991414006735 2.07890308888794e-05 189864.18750000
16116013 116.236111111111 0.372715378243899 2.0455137388518e-05 178010.59375000
16116014 116.251041666667 0.370101574495939 1.98078424908799e-05 177215.48437500
16116015 116.267997685185 0.365818486123073 7.09939311153803e-05 166707.46875000
16116016 116.269872685185 0.366991877258482 1.70938132905739e-05 169337.53125000
16116017 116.291956018519 0.364294873088793 5.22752508296097e-05 161630.84375000
16116018 116.295011574074 0.367164486815794 0.000107205710229467 161361.75000000
16116019 116.296423611111 0.363217908744162 1.77528077938919e-05 160774.54687500
16116020 116.318414351852 0.359599572160596 1.64918810233455e-05 157263.71875000
16116021 116.343703703704 0.357291169314098 2.11223016721945e-05 149630.45312500
16116022 116.360081018519 0.355323871569418 1.89113318480429e-05 150229.84375000
16116023 116.381979166667 0.353000040787092 1.82989877320343e-05 139171.39062500
16116024 116.40505787037 0.351085431566378 1.89389949907941e-05 137311.98437500
16116025 116.427002314815 0.349920858789831 2.44426389312286e-05 132834.78125000
16116032 116.517361111111 0.419026590275051 1.27104912385503e-05 338554.12500000
16116033 116.544664351852 0.405782533401524 1.46118969660171e-05 269255.18750000
16116034 116.566759259259 0.396578310418066 1.52953961735032e-05 234208.15625000
16116035 116.588298611111 0.38975090538803 1.60990402650973e-05 216690.76562500
16116036 116.609837962963 0.387128502264465 5.61808280321399e-05 209277.67187500
16116037 116.614525462963 0.381925867904949 1.61827358181507e-05 203454.85937500
16116038 116.636018518519 0.378561865301715 2.56136423053018e-05 193375.01562500
16116039 116.649074074074 0.374465561420025 1.68383320997394e-05 185705.03125000
16116040 116.670740740741 0.370738282113036 1.68613070787332e-05 177386.70312500
16116041 116.692418981481 0.367807847571064 2.03330849324871e-05 173692.39062500
16116042 116.725428240741 0.36232047351326 1.79715938837021e-05 164138.57812500
16116043 116.746909722222 0.35941083856064 1.79524195727927e-05 160370.85937500
16116044 116.768344907407 0.356855502561557 4.73739534445195e-05 153336.98437500
16116045 116.775752314815 0.356327041205736 1.83422848317675e-05 149300.15625000
16116046 116.797291666667 0.354062147463564 1.86796763421317e-05 144137.93750000
16116047 116.818726851852 0.352835281845992 5.34083162819453e-05 139134.68750000
16116048 116.822083333333 0.351654458515305 1.86850691094339e-05 141409.98437500
16116049 116.844155092593 0.350618266194536 2.81298736831732e-05 133446.42187500
16116052 116.911863425926 0.415702132535922 1.38447588758662e-05 315776.62500000
16116053 116.934178240741 0.404498960062369 1.48260320837385e-05 266417.18750000
16116054 116.955729166667 0.394480930233752 1.43729277944946e-05 245486.81250000
16116055 116.980277777778 0.386024952883151 1.52877073128387e-05 226024.40625000
16117001 117.001851851852 0.380475031163375 1.5825653274836e-05 214941.48437500
16117002 117.023333333333 0.374874033419407 1.82354370623363e-05 203687.28125000
16117003 117.041030092593 0.370964869615629 1.58855333442464e-05 199797.23437500
16117004 117.063877314815 0.366913478996784 1.64492944743257e-05 188616.43750000
16117005 117.085648148148 0.363788325175396 3.22800271211539e-05 179967.84375000
16117006 117.093576388889 0.362225786073186 1.69905290040545e-05 178157.37500000
16117007 117.115092592593 0.352805834303326 1.70239254951606e-05 170462.93750000
16117008 117.136805555556 0.335768546456953 0.000106773886344975 156382.95312500
16117009 117.1384375 0.349274651690537 6.02963648186432e-05 158132.26562500
16117010 117.141805555556 0.355078368746689 5.74372898777077e-05 164322.06250000
16117011 117.145173611111 0.354044453484419 4.42604341760885e-05 164016.25000000
16117012 117.149155092593 0.352245780831435 2.12691676779985e-05 161202.68750000
16117013 117.168252314815 0.349989313611559 5.55398773437922e-05 156431.89062500
16117014 117.173321759259 0.349804705939021 2.55273859912558e-05 152994.46875000
16117015 117.185289351852 0.347226242672642 9.34185515320777e-05 150303.25000000
16117017 117.190150462963 0.347287771752106 1.82220708726341e-05 151489.82812500
16117018 117.211516203704 0.34552725550499 2.57818174796527e-05 144945.28125000
16117019 117.224780092593 0.345044843509323 2.91772093298009e-05 140480.29687500
